AARS	ACLY	1	1	1	1
AARS	AURKA	1	1	1	1
AARS	CFLAR	1	1	1	1
AARS	CHERP	1	1	1	1
AARS	HEBP1	1	1	1	1
AARS	KIF2C	1	1	1	1
AARS	KTN1	1	1	1	1
AARS	MLLT11	1	1	1	1
AARS	MYBL2	1	1	1	1
AARS	NIT1	1	1	1	1
AARS	NUDCD3	1	1	1	1
AARS	ORC1	1	1	1	1
AARS	PAF1	1	1	1	1
AARS	PNKP	1	1	1	1
AARS	PUF60	1	1	1	1
AARS	RAD51C	1	1	1	1
AARS	RBM15B	1	1	1	1
AARS	RPIA	1	1	1	1
AARS	SENP6	1	1	1	1
AARS	SLC37A4	1	1	1	1
AARS	TATDN2	1	1	1	1
AARS	TUBB6	1	1	1	1
AARS	VAV3	1	1	1	1
AARS	XPNPEP1	1	1	1	1
ABCC5	CDC45	1	1	1	1
ABCC5	CDH3	1	1	1	1
ABCC5	COPB2	1	1	1	1
ABCC5	DHRS7	1	1	1	1
ABCC5	DNM1	1	1	1	1
ABCC5	ERBB2	1	1	1	1
ABCC5	ICMT	1	1	1	1
ABCC5	KEAP1	1	1	1	1
ABCC5	PACSIN3	1	1	1	1
ABCC5	PAF1	1	1	1	1
ABCC5	PLOD3	1	1	1	1
ABCC5	PRUNE	1	1	1	1
ABCC5	RAD51C	1	1	1	1
ABCC5	RBKS	1	1	1	1
ABCC5	RRS1	1	1	1	1
ABCC5	SACM1L	1	1	1	1
ABCF1	EBNA1BP2	1	1	1	1
ABCF1	PCK2	1	1	1	1
ABCF1	RGS2	1	1	1	1
ABCF1	RRS1	1	1	1	1
ABCF1	UBE2C	1	1	1	1
ABCF3	AKT1	1	1	1	1
ABCF3	AMDHD2	1	1	1	1
ABCF3	B3GNT1	1	1	1	1
ABCF3	CASK	1	1	1	1
ABCF3	DHDDS	1	1	1	1
ABCF3	DYNLT3	1	1	1	1
ABCF3	FIS1	1	1	1	1
ABCF3	GTPBP8	1	1	1	1
ABCF3	HYOU1	1	1	1	1
ABCF3	ICAM3	1	1	1	1
ABCF3	NRAS	1	1	1	1
ABCF3	PCM1	1	1	1	1
ABCF3	PTPN1	1	1	1	1
ABCF3	RRP12	1	1	1	1
ABCF3	SMARCD2	1	1	1	1
ABCF3	SYPL1	1	1	1	1
ABCF3	TOMM70A	1	1	1	1
ABCF3	TSC22D3	1	1	1	1
ABCF3	USP14	1	1	1	1
ABCF3	USP22	1	1	1	1
ABCF3	WFS1	1	1	1	1
ABHD4	CCNF	1	1	1	1
ABHD4	CHMP6	1	1	1	1
ABHD4	CLSTN1	1	1	1	1
ABHD4	CRELD2	1	1	1	1
ABHD4	CSNK2A2	1	1	1	1
ABHD4	DNM1	1	1	1	1
ABHD4	HDAC6	1	1	1	1
ABHD4	MEST	1	1	1	1
ABHD4	RNPS1	1	1	1	1
ABHD4	STK25	1	1	1	1
ABHD4	TFAP2A	1	1	1	1
ABHD4	TRIM13	1	1	1	1
ABHD6	ARID5B	1	1	1	1
ABHD6	AURKA	1	1	1	1
ABHD6	BLMH	1	1	1	1
ABHD6	CCDC85B	1	1	1	1
ABHD6	CD97	1	1	1	1
ABHD6	DNAJB2	1	1	1	1
ABHD6	DUSP22	1	1	1	1
ABHD6	FCHO1	1	1	1	1
ABHD6	FPGS	1	1	1	1
ABHD6	GFOD1	1	1	1	1
ABHD6	GNA11	1	1	1	1
ABHD6	GPATCH8	1	1	1	1
ABHD6	ITFG1	1	1	1	1
ABHD6	ITGB1BP1	1	1	1	1
ABHD6	MAP3K4	1	1	1	1
ABHD6	MLEC	1	1	1	1
ABHD6	MTA1	1	1	1	1
ABHD6	NFE2L2	1	1	1	1
ABHD6	NR1H2	1	1	1	1
ABHD6	NUP62	1	1	1	1
ABHD6	POLR2K	1	1	1	1
ABHD6	SENP6	1	1	1	1
ABHD6	SFN	1	1	1	1
ABHD6	TCTA	1	1	1	1
ABHD6	TRIM13	1	1	1	1
ABL1	ARFIP2	1	1	1	1
ABL1	AURKA	1	1	1	1
ABL1	CD44	1	1	1	1
ABL1	KDM3A	1	1	1	1
ABL1	KIF5C	1	1	1	1
ABL1	MAP4K4	1	1	1	1
ABL1	RAB31	1	1	1	1
ABL1	RNF167	1	1	1	1
ABL1	SPDEF	1	1	1	1
ABL1	STAMBP	1	1	1	1
ACAA1	CREB1	1	1	1	1
ACAA1	CRKL	1	1	1	1
ACAA1	CSK	1	1	1	1
ACAA1	DDX42	1	1	1	1
ACAA1	FOS	1	1	1	1
ACAA1	GABPB1	1	1	1	1
ACAA1	GADD45A	1	1	1	1
ACAA1	PAFAH1B1	1	1	1	1
ACAA1	PAK4	1	1	1	1
ACAA1	PPP2R5A	1	1	1	1
ACAA1	PRKACA	1	1	1	1
ACAA1	PRPF4	1	1	1	1
ACAA1	RNH1	1	1	1	1
ACAA1	TATDN2	1	1	1	1
ACAA1	TJP1	1	1	1	1
ACAA1	TMED10	1	1	1	1
ACAA1	TMEM109	1	1	1	1
ACAA1	TRAPPC3	1	1	1	1
ACAA1	UGDH	1	1	1	1
ACAT2	DNTTIP2	1	1	1	1
ACAT2	ENOPH1	1	1	1	1
ACAT2	FDFT1	1	1	1	1
ACAT2	GTF2A2	1	1	1	1
ACAT2	HSPA4	1	1	1	1
ACAT2	HTRA1	1	1	1	1
ACAT2	INSIG1	1	1	1	1
ACAT2	MAPK13	1	1	1	1
ACAT2	POLG2	1	1	1	1
ACAT2	RAI14	1	1	1	1
ACAT2	RRP8	1	1	1	1
ACBD3	ABHD4	1	1	1	1
ACBD3	ADCK3	1	1	1	1
ACBD3	ASCC3	1	1	1	1
ACBD3	CLSTN1	1	1	1	1
ACBD3	DDX42	1	1	1	1
ACBD3	HADH	1	1	1	1
ACBD3	NUP62	1	1	1	1
ACBD3	P4HA2	1	1	1	1
ACBD3	PACSIN3	1	1	1	1
ACBD3	RPA3	1	1	1	1
ACBD3	SACM1L	1	1	1	1
ACBD3	SENP6	1	1	1	1
ACBD3	TCTN1	1	1	1	1
ACBD3	UFM1	1	1	1	1
ACBD3	VAV3	1	1	1	1
ACBD3	WDTC1	1	1	1	1
ACD	CXCR4	1	1	1	1
ACD	RBKS	1	1	1	1
ACD	RPIA	1	1	1	1
ACD	RPL39L	1	1	1	1
ACD	ST3GAL5	1	1	1	1
ACD	TLE1	1	1	1	1
ACD	ZMIZ1	1	1	1	1
ACLY	ANO10	1	1	1	1
ACLY	COG4	1	1	1	1
ACLY	DCUN1D4	1	1	1	1
ACLY	HDAC6	1	1	1	1
ACLY	MLLT11	1	1	1	1
ACLY	MYO10	1	1	1	1
ACLY	PCMT1	1	1	1	1
ACLY	PHKG2	1	1	1	1
ACLY	PIH1D1	1	1	1	1
ACLY	RRP1B	1	1	1	1
ACLY	SMC1A	1	1	1	1
ACLY	SYPL1	1	1	1	1
ACLY	TCTN1	1	1	1	1
ACLY	TMEM109	1	1	1	1
ACLY	TOMM34	1	1	1	1
ACOT9	ACAA1	1	1	1	1
ACOT9	ADI1	1	1	1	1
ACOT9	ARHGAP1	1	1	1	1
ACOT9	CFLAR	1	1	1	1
ACOT9	DNAJB1	1	1	1	1
ACOT9	ECH1	1	1	1	1
ACOT9	EDEM1	1	1	1	1
ACOT9	ELAVL1	1	1	1	1
ACOT9	FAM63A	1	1	1	1
ACOT9	FDFT1	1	1	1	1
ACOT9	HDAC2	1	1	1	1
ACOT9	KDM3A	1	1	1	1
ACOT9	MRPS2	1	1	1	1
ACOT9	PKIG	1	1	1	1
ACOT9	POLE2	1	1	1	1
ACOT9	RELB	1	1	1	1
ACOT9	SLC37A4	1	1	1	1
ACOT9	SOX4	1	1	1	1
ACOT9	TBX2	1	1	1	1
ACOT9	TIAM1	1	1	1	1
ACOT9	TRIB3	1	1	1	1
ADAM10	ARNT2	1	1	1	1
ADAM10	CLPX	1	1	1	1
ADAM10	CORO1A	1	1	1	1
ADAM10	CRTAP	1	1	1	1
ADAM10	CXCR4	1	1	1	1
ADAM10	GDPD5	1	1	1	1
ADAM10	GSTZ1	1	1	1	1
ADAM10	NET1	1	1	1	1
ADAM10	RPIA	1	1	1	1
ADAM10	SPEN	1	1	1	1
ADAT1	BUB1B	1	1	1	1
ADAT1	CCDC86	1	1	1	1
ADAT1	CRKL	1	1	1	1
ADAT1	DCUN1D4	1	1	1	1
ADAT1	DENND2D	1	1	1	1
ADAT1	EBNA1BP2	1	1	1	1
ADAT1	GNPDA1	1	1	1	1
ADAT1	KIAA0355	1	1	1	1
ADAT1	MBNL2	1	1	1	1
ADAT1	ORC1	1	1	1	1
ADAT1	PPIE	1	1	1	1
ADAT1	PYCR1	1	1	1	1
ADAT1	RFNG	1	1	1	1
ADAT1	RFX5	1	1	1	1
ADAT1	RRP12	1	1	1	1
ADAT1	SMAD3	1	1	1	1
ADAT1	TOMM34	1	1	1	1
ADAT1	TRIB1	1	1	1	1
ADAT1	TSPAN3	1	1	1	1
ADAT1	TXNL4B	1	1	1	1
ADAT1	UBR7	1	1	1	1
ADAT1	VAPB	1	1	1	1
ADCK3	AGL	1	1	1	1
ADCK3	CRKL	1	1	1	1
ADCK3	FEZ2	1	1	1	1
ADCK3	HMG20B	1	1	1	1
ADCK3	MSRA	1	1	1	1
ADCK3	NIT1	1	1	1	1
ADCK3	NUSAP1	1	1	1	1
ADCK3	PHGDH	1	1	1	1
ADCK3	PRUNE	1	1	1	1
ADCK3	SKIV2L	1	1	1	1
ADCK3	SLC25A46	1	1	1	1
ADCK3	WASF3	1	1	1	1
ADH5	ACAT2	1	1	1	1
ADH5	ARID5B	1	1	1	1
ADH5	CNOT4	1	1	1	1
ADH5	COASY	1	1	1	1
ADH5	FBXO7	1	1	1	1
ADH5	HSD17B11	1	1	1	1
ADH5	MTF2	1	1	1	1
ADH5	NENF	1	1	1	1
ADH5	PCM1	1	1	1	1
ADH5	THAP11	1	1	1	1
ADH5	TNIP1	1	1	1	1
ADI1	ACAT2	1	1	1	1
ADI1	ATP1B1	1	1	1	1
ADI1	CAST	1	1	1	1
ADI1	CCNB2	1	1	1	1
ADI1	CERK	1	1	1	1
ADI1	GDPD5	1	1	1	1
ADI1	KLHL9	1	1	1	1
ADI1	P4HA2	1	1	1	1
ADI1	PIN1	1	1	1	1
ADI1	PLOD3	1	1	1	1
ADI1	RPP38	1	1	1	1
ADI1	YKT6	1	1	1	1
ADI1	ZNF589	1	1	1	1
ADO	ABL1	1	1	1	1
ADO	CFLAR	1	1	1	1
ADO	CGRRF1	1	1	1	1
ADO	CORO1A	1	1	1	1
ADO	DCTD	1	1	1	1
ADO	DUSP11	1	1	1	1
ADO	ECH1	1	1	1	1
ADO	EVL	1	1	1	1
ADO	FAH	1	1	1	1
ADO	ICAM3	1	1	1	1
ADO	KDM3A	1	1	1	1
ADO	MAPK1IP1L	1	1	1	1
ADO	NENF	1	1	1	1
ADO	NIPSNAP1	1	1	1	1
ADO	PAN2	1	1	1	1
ADO	PRSS23	1	1	1	1
ADO	RAP1GAP	1	1	1	1
ADO	SYNGR3	1	1	1	1
ADO	TBX2	1	1	1	1
ADO	THAP11	1	1	1	1
ADO	TRIM2	1	1	1	1
ADO	VAPB	1	1	1	1
AGL	ADH5	1	1	1	1
AGL	BZW2	1	1	1	1
AGL	CCDC86	1	1	1	1
AGL	DNAJA3	1	1	1	1
AGL	NFE2L2	1	1	1	1
AGL	NISCH	1	1	1	1
AGL	RFC2	1	1	1	1
AGL	SOX4	1	1	1	1
AKAP8	APPBP2	1	1	1	1
AKAP8	BCL7B	1	1	1	1
AKAP8	CASC3	1	1	1	1
AKAP8	CD58	1	1	1	1
AKAP8	DDR1	1	1	1	1
AKAP8	ECH1	1	1	1	1
AKAP8	GRB10	1	1	1	1
AKAP8	INPP4B	1	1	1	1
AKAP8	KIAA1033	1	1	1	1
AKAP8	LRPAP1	1	1	1	1
AKAP8	PGRMC1	1	1	1	1
AKAP8	PSMD10	1	1	1	1
AKAP8	PTPRF	1	1	1	1
AKAP8	PYGL	1	1	1	1
AKAP8	RNF167	1	1	1	1
AKAP8	SHB	1	1	1	1
AKAP8	STAMBP	1	1	1	1
AKAP8	SYNGR3	1	1	1	1
AKAP8	TOR1A	1	1	1	1
AKAP8	ZDHHC6	1	1	1	1
AKAP8L	DRAP1	1	1	1	1
AKAP8L	FPGS	1	1	1	1
AKAP8L	GLOD4	1	1	1	1
AKAP8L	GNA11	1	1	1	1
AKAP8L	GNAI2	1	1	1	1
AKAP8L	NMT1	1	1	1	1
AKAP8L	NRAS	1	1	1	1
AKAP8L	NUP88	1	1	1	1
AKAP8L	PARP2	1	1	1	1
AKAP8L	PMM2	1	1	1	1
AKAP8L	PRAF2	1	1	1	1
AKAP8L	RAE1	1	1	1	1
AKAP8L	RGS2	1	1	1	1
AKAP8L	WRB	1	1	1	1
AKR7A2	ALAS1	1	1	1	1
AKR7A2	CAT	1	1	1	1
AKR7A2	CIAPIN1	1	1	1	1
AKR7A2	HSPA4	1	1	1	1
AKR7A2	NIT1	1	1	1	1
AKR7A2	NVL	1	1	1	1
AKR7A2	RNMT	1	1	1	1
AKR7A2	RRP12	1	1	1	1
AKR7A2	SH3BP5	1	1	1	1
AKR7A2	SLC2A6	1	1	1	1
AKR7A2	SPDEF	1	1	1	1
AKR7A2	TIMM17B	1	1	1	1
AKR7A2	UBE2C	1	1	1	1
AKR7A2	XPNPEP1	1	1	1	1
AKT1	ANXA7	1	1	1	1
AKT1	CAB39	1	1	1	1
AKT1	CCNF	1	1	1	1
AKT1	DHDDS	1	1	1	1
AKT1	FKBP4	1	1	1	1
AKT1	MAPK1IP1L	1	1	1	1
AKT1	PLOD3	1	1	1	1
AKT1	POP4	1	1	1	1
AKT1	RAB31	1	1	1	1
AKT1	RFX5	1	1	1	1
AKT1	TES	1	1	1	1
AKT1	TEX10	1	1	1	1
ALAS1	ATP6V1D	1	1	1	1
ALAS1	CD58	1	1	1	1
ALAS1	CDC45	1	1	1	1
ALAS1	CETN3	1	1	1	1
ALAS1	DHX29	1	1	1	1
ALAS1	FAM63A	1	1	1	1
ALAS1	HEBP1	1	1	1	1
ALAS1	LGALS8	1	1	1	1
ALAS1	PLSCR1	1	1	1	1
ALAS1	SKIV2L	1	1	1	1
ALAS1	TIAM1	1	1	1	1
ALDOC	ABHD6	1	1	1	1
ALDOC	CEBPZ	1	1	1	1
ALDOC	EML3	1	1	1	1
ALDOC	HMG20B	1	1	1	1
ALDOC	MAPK9	1	1	1	1
ALDOC	MPZL1	1	1	1	1
ALDOC	MRPS16	1	1	1	1
ALDOC	MSRA	1	1	1	1
ALDOC	NUCB2	1	1	1	1
ALDOC	RELB	1	1	1	1
AMDHD2	ABHD4	1	1	1	1
AMDHD2	ACBD3	1	1	1	1
AMDHD2	ATP6V1D	1	1	1	1
AMDHD2	CCNF	1	1	1	1
AMDHD2	GATA2	1	1	1	1
AMDHD2	GATA3	1	1	1	1
AMDHD2	HES1	1	1	1	1
AMDHD2	IDE	1	1	1	1
AMDHD2	LAP3	1	1	1	1
AMDHD2	MAPK1IP1L	1	1	1	1
AMDHD2	NOSIP	1	1	1	1
AMDHD2	PCM1	1	1	1	1
AMDHD2	PRKCD	1	1	1	1
AMDHD2	PYCR1	1	1	1	1
AMDHD2	SLC11A2	1	1	1	1
AMDHD2	SLC1A4	1	1	1	1
AMDHD2	TFAP2A	1	1	1	1
AMDHD2	TOMM34	1	1	1	1
ANKRD10	BCL2	1	1	1	1
ANKRD10	CAB39	1	1	1	1
ANKRD10	CCDC85B	1	1	1	1
ANKRD10	CLPX	1	1	1	1
ANKRD10	DENND2D	1	1	1	1
ANKRD10	HERC6	1	1	1	1
ANKRD10	HS2ST1	1	1	1	1
ANKRD10	JUN	1	1	1	1
ANKRD10	PYCR1	1	1	1	1
ANKRD10	THAP11	1	1	1	1
ANKRD10	TOPBP1	1	1	1	1
ANO10	ADH5	1	1	1	1
ANO10	CDC45	1	1	1	1
ANO10	DDR1	1	1	1	1
ANO10	DNTTIP2	1	1	1	1
ANO10	ECH1	1	1	1	1
ANO10	EDEM1	1	1	1	1
ANO10	EVL	1	1	1	1
ANO10	FCHO1	1	1	1	1
ANO10	GABPB1	1	1	1	1
ANO10	GLRX	1	1	1	1
ANO10	GPR56	1	1	1	1
ANO10	HPRT1	1	1	1	1
ANO10	IKBKAP	1	1	1	1
ANO10	INTS3	1	1	1	1
ANO10	ISOC1	1	1	1	1
ANO10	LAGE3	1	1	1	1
ANO10	LAMA3	1	1	1	1
ANO10	MAP2K5	1	1	1	1
ANO10	NPC1	1	1	1	1
ANO10	NR3C1	1	1	1	1
ANO10	REEP5	1	1	1	1
ANO10	RFX5	1	1	1	1
ANO10	SCARB1	1	1	1	1
ANO10	SMARCA4	1	1	1	1
ANO10	SNX13	1	1	1	1
ANO10	SPAG7	1	1	1	1
ANO10	THAP11	1	1	1	1
ANO10	TNIP1	1	1	1	1
ANO10	TRIB1	1	1	1	1
ANO10	TSTA3	1	1	1	1
ANO10	TXNDC9	1	1	1	1
ANO10	VGLL4	1	1	1	1
ANO10	WFS1	1	1	1	1
ANO10	XPNPEP1	1	1	1	1
ANO10	ZNF274	1	1	1	1
ANXA7	ATG3	1	1	1	1
ANXA7	BACE2	1	1	1	1
ANXA7	BUB1B	1	1	1	1
ANXA7	CD44	1	1	1	1
ANXA7	CHEK2	1	1	1	1
ANXA7	DNAJA3	1	1	1	1
ANXA7	FAT1	1	1	1	1
ANXA7	FOXJ3	1	1	1	1
ANXA7	GATA2	1	1	1	1
ANXA7	HDAC2	1	1	1	1
ANXA7	HIST2H2BE	1	1	1	1
ANXA7	IKBKB	1	1	1	1
ANXA7	IKBKE	1	1	1	1
ANXA7	JUN	1	1	1	1
ANXA7	LSM6	1	1	1	1
ANXA7	NRIP1	1	1	1	1
ANXA7	PIGB	1	1	1	1
ANXA7	PIN1	1	1	1	1
ANXA7	SLC11A2	1	1	1	1
ANXA7	STAMBP	1	1	1	1
ANXA7	STK25	1	1	1	1
ANXA7	TBPL1	1	1	1	1
ANXA7	TERF2IP	1	1	1	1
ANXA7	TFAP2A	1	1	1	1
ANXA7	TXLNA	1	1	1	1
ANXA7	ZNF586	1	1	1	1
APBB2	BUB1B	1	1	1	1
APBB2	HADH	1	1	1	1
APBB2	NOLC1	1	1	1	1
APBB2	PNP	1	1	1	1
APBB2	POLR2I	1	1	1	1
APBB2	SOX4	1	1	1	1
APBB2	SPR	1	1	1	1
APBB2	TFAP2A	1	1	1	1
APBB2	TOP2A	1	1	1	1
APPBP2	ARPP19	1	1	1	1
APPBP2	ATP6V0B	1	1	1	1
APPBP2	BHLHE40	1	1	1	1
APPBP2	CAB39	1	1	1	1
APPBP2	COG7	1	1	1	1
APPBP2	DNAJB2	1	1	1	1
APPBP2	DRAP1	1	1	1	1
APPBP2	EML3	1	1	1	1
APPBP2	GDPD5	1	1	1	1
APPBP2	GNB5	1	1	1	1
APPBP2	HDAC2	1	1	1	1
APPBP2	MCOLN1	1	1	1	1
APPBP2	NUP133	1	1	1	1
APPBP2	PCMT1	1	1	1	1
APPBP2	PRR15L	1	1	1	1
APPBP2	RAD51C	1	1	1	1
APPBP2	SLC35A1	1	1	1	1
APPBP2	SLC35A3	1	1	1	1
APPBP2	SOX4	1	1	1	1
ARFIP2	ADCK3	1	1	1	1
ARFIP2	CDCA4	1	1	1	1
ARFIP2	DDX42	1	1	1	1
ARFIP2	EPB41L2	1	1	1	1
ARFIP2	GADD45A	1	1	1	1
ARFIP2	HEBP1	1	1	1	1
ARFIP2	INPP4B	1	1	1	1
ARFIP2	ITFG1	1	1	1	1
ARFIP2	NNT	1	1	1	1
ARFIP2	NUP133	1	1	1	1
ARFIP2	RFX5	1	1	1	1
ARFIP2	RTN2	1	1	1	1
ARFIP2	SPAG4	1	1	1	1
ARFIP2	STAMBP	1	1	1	1
ARFIP2	TIMELESS	1	1	1	1
ARFIP2	TRAPPC3	1	1	1	1
ARFIP2	ZW10	1	1	1	1
ARHGAP1	ATMIN	1	1	1	1
ARHGAP1	ATP6V1D	1	1	1	1
ARHGAP1	CIRBP	1	1	1	1
ARHGAP1	CPNE3	1	1	1	1
ARHGAP1	CSNK2A2	1	1	1	1
ARHGAP1	HDAC6	1	1	1	1
ARHGAP1	HMGCS1	1	1	1	1
ARHGAP1	KDM5A	1	1	1	1
ARHGAP1	MAST2	1	1	1	1
ARHGAP1	MBNL2	1	1	1	1
ARHGAP1	METRN	1	1	1	1
ARHGAP1	POLE2	1	1	1	1
ARHGAP1	POP4	1	1	1	1
ARHGAP1	PPOX	1	1	1	1
ARHGAP1	PRUNE	1	1	1	1
ARHGAP1	RFX5	1	1	1	1
ARHGAP1	SMC3	1	1	1	1
ARHGAP1	TOP2A	1	1	1	1
ARHGEF2	ARHGEF2	1	1	1	1
ARHGEF2	ARID4B	1	1	1	1
ARHGEF2	CAPN1	1	1	1	1
ARHGEF2	CISD1	1	1	1	1
ARHGEF2	HDAC2	1	1	1	1
ARHGEF2	IARS2	1	1	1	1
ARHGEF2	KIAA0355	1	1	1	1
ARHGEF2	LBR	1	1	1	1
ARHGEF2	LSM6	1	1	1	1
ARHGEF2	MAPK9	1	1	1	1
ARHGEF2	MBTPS1	1	1	1	1
ARHGEF2	MVP	1	1	1	1
ARHGEF2	PAK4	1	1	1	1
ARHGEF2	PTPLAD1	1	1	1	1
ARHGEF2	RAE1	1	1	1	1
ARHGEF2	RBM6	1	1	1	1
ARHGEF2	SCAND1	1	1	1	1
ARHGEF2	SLC25A46	1	1	1	1
ARHGEF2	STX1A	1	1	1	1
ARHGEF2	SYNE2	1	1	1	1
ARHGEF2	TPM1	1	1	1	1
ARHGEF2	ZNF589	1	1	1	1
ARID4B	AARS	1	1	1	1
ARID4B	ANKRD10	1	1	1	1
ARID4B	ATG3	1	1	1	1
ARID4B	ATP2C1	1	1	1	1
ARID4B	BPHL	1	1	1	1
ARID4B	CD320	1	1	1	1
ARID4B	CIRBP	1	1	1	1
ARID4B	DCUN1D4	1	1	1	1
ARID4B	DLD	1	1	1	1
ARID4B	FOXO4	1	1	1	1
ARID4B	GFPT1	1	1	1	1
ARID4B	GRWD1	1	1	1	1
ARID4B	PCCB	1	1	1	1
ARID4B	PHKB	1	1	1	1
ARID4B	PRKCD	1	1	1	1
ARID4B	SPAG4	1	1	1	1
ARID4B	STAP2	1	1	1	1
ARID4B	TBC1D9B	1	1	1	1
ARID4B	TM9SF3	1	1	1	1
ARID4B	TMEM50A	1	1	1	1
ARID4B	UBE2A	1	1	1	1
ARID4B	ZNF131	1	1	1	1
ARID4B	ZNF451	1	1	1	1
ARID5B	BAD	1	1	1	1
ARID5B	BCL2	1	1	1	1
ARID5B	CASC3	1	1	1	1
ARID5B	CD44	1	1	1	1
ARID5B	CD58	1	1	1	1
ARID5B	CETN3	1	1	1	1
ARID5B	DHRS7	1	1	1	1
ARID5B	FBXO7	1	1	1	1
ARID5B	HES1	1	1	1	1
ARID5B	HPRT1	1	1	1	1
ARID5B	PTK2	1	1	1	1
ARID5B	RPIA	1	1	1	1
ARID5B	SMC4	1	1	1	1
ARID5B	TLE1	1	1	1	1
ARL4C	ACAT2	1	1	1	1
ARL4C	BAD	1	1	1	1
ARL4C	CBR1	1	1	1	1
ARL4C	CCDC85B	1	1	1	1
ARL4C	CD320	1	1	1	1
ARL4C	FAM69A	1	1	1	1
ARL4C	FBXO21	1	1	1	1
ARL4C	GABPB1	1	1	1	1
ARL4C	GPATCH8	1	1	1	1
ARL4C	IL13RA1	1	1	1	1
ARL4C	IQGAP1	1	1	1	1
ARL4C	ITGAE	1	1	1	1
ARL4C	KIAA1033	1	1	1	1
ARL4C	MAPKAPK5	1	1	1	1
ARL4C	MTA1	1	1	1	1
ARL4C	PPARG	1	1	1	1
ARL4C	SGCB	1	1	1	1
ARL4C	SMARCA4	1	1	1	1
ARL4C	TCTN1	1	1	1	1
ARL4C	TOP2A	1	1	1	1
ARNT2	CAB39	1	1	1	1
ARNT2	FBXO21	1	1	1	1
ARNT2	GNB5	1	1	1	1
ARNT2	HDAC6	1	1	1	1
ARNT2	IER3	1	1	1	1
ARNT2	IL13RA1	1	1	1	1
ARNT2	ITGB1BP1	1	1	1	1
ARNT2	MBOAT7	1	1	1	1
ARNT2	SCARB1	1	1	1	1
ARNT2	SLC35B1	1	1	1	1
ARNT2	VPS28	1	1	1	1
ARPP19	ABCC5	1	1	1	1
ARPP19	APPBP2	1	1	1	1
ARPP19	ATP11B	1	1	1	1
ARPP19	BCL2	1	1	1	1
ARPP19	ETFB	1	1	1	1
ARPP19	KAT6A	1	1	1	1
ARPP19	MSRA	1	1	1	1
ARPP19	PDLIM1	1	1	1	1
ARPP19	PEX11A	1	1	1	1
ARPP19	PNP	1	1	1	1
ARPP19	PRUNE	1	1	1	1
ARPP19	RFC5	1	1	1	1
ARPP19	RPS6KA1	1	1	1	1
ARPP19	SCYL3	1	1	1	1
ARPP19	STK25	1	1	1	1
ARPP19	TP53BP2	1	1	1	1
ASCC3	ABL1	1	1	1	1
ASCC3	BAG3	1	1	1	1
ASCC3	CD44	1	1	1	1
ASCC3	CENPE	1	1	1	1
ASCC3	CFLAR	1	1	1	1
ASCC3	CHEK2	1	1	1	1
ASCC3	CRKL	1	1	1	1
ASCC3	EDEM1	1	1	1	1
ASCC3	KDM3A	1	1	1	1
ASCC3	LRRC16A	1	1	1	1
ASCC3	MAMLD1	1	1	1	1
ASCC3	PRUNE	1	1	1	1
ASCC3	PTPLAD1	1	1	1	1
ASCC3	RFX5	1	1	1	1
ASCC3	TLE1	1	1	1	1
ASCC3	TP53BP1	1	1	1	1
ATG3	ABCF1	1	1	1	1
ATG3	ACOT9	1	1	1	1
ATG3	AURKB	1	1	1	1
ATG3	BCL7B	1	1	1	1
ATG3	CAPN1	1	1	1	1
ATG3	CCNA2	1	1	1	1
ATG3	CDKN1A	1	1	1	1
ATG3	EIF5	1	1	1	1
ATG3	FKBP14	1	1	1	1
ATG3	H2AFV	1	1	1	1
ATG3	HES1	1	1	1	1
ATG3	KIAA1033	1	1	1	1
ATG3	KIT	1	1	1	1
ATG3	LOXL1	1	1	1	1
ATG3	NUSAP1	1	1	1	1
ATG3	PCK2	1	1	1	1
ATG3	PECR	1	1	1	1
ATG3	PRAF2	1	1	1	1
ATG3	RNH1	1	1	1	1
ATG3	SCARB1	1	1	1	1
ATG3	SLC25A13	1	1	1	1
ATG3	TM9SF3	1	1	1	1
ATG3	TRIM13	1	1	1	1
ATG3	UBE2J1	1	1	1	1
ATMIN	CERK	1	1	1	1
ATMIN	CRTAP	1	1	1	1
ATMIN	CSNK2A2	1	1	1	1
ATMIN	DHX29	1	1	1	1
ATMIN	DMTF1	1	1	1	1
ATMIN	DUSP14	1	1	1	1
ATMIN	DUSP22	1	1	1	1
ATMIN	KDM5A	1	1	1	1
ATMIN	MCOLN1	1	1	1	1
ATMIN	MRPS2	1	1	1	1
ATMIN	MSH6	1	1	1	1
ATMIN	PSIP1	1	1	1	1
ATMIN	PSRC1	1	1	1	1
ATMIN	RAB4A	1	1	1	1
ATMIN	RBKS	1	1	1	1
ATMIN	SMAD3	1	1	1	1
ATMIN	ST3GAL5	1	1	1	1
ATMIN	SYPL1	1	1	1	1
ATMIN	TBXA2R	1	1	1	1
ATMIN	TRAP1	1	1	1	1
ATP11B	ABL1	1	1	1	1
ATP11B	ANKRD10	1	1	1	1
ATP11B	ARNT2	1	1	1	1
ATP11B	COG2	1	1	1	1
ATP11B	ECD	1	1	1	1
ATP11B	FAH	1	1	1	1
ATP11B	IL13RA1	1	1	1	1
ATP11B	KEAP1	1	1	1	1
ATP11B	MBTPS1	1	1	1	1
ATP11B	PDS5A	1	1	1	1
ATP11B	TCTN1	1	1	1	1
ATP11B	TP53BP2	1	1	1	1
ATP1B1	ARHGAP1	1	1	1	1
ATP1B1	CASC3	1	1	1	1
ATP1B1	CYB561	1	1	1	1
ATP1B1	GTPBP8	1	1	1	1
ATP1B1	HMGCS1	1	1	1	1
ATP1B1	IFRD2	1	1	1	1
ATP1B1	ITFG1	1	1	1	1
ATP1B1	ME2	1	1	1	1
ATP1B1	NUCB2	1	1	1	1
ATP1B1	NUP88	1	1	1	1
ATP1B1	P4HA2	1	1	1	1
ATP1B1	PAK4	1	1	1	1
ATP1B1	PLA2G15	1	1	1	1
ATP1B1	POLR2I	1	1	1	1
ATP1B1	SLC35A1	1	1	1	1
ATP1B1	SQRDL	1	1	1	1
ATP1B1	TOR1A	1	1	1	1
ATP1B1	UTP14A	1	1	1	1
ATP2C1	BACE2	1	1	1	1
ATP2C1	CDC45	1	1	1	1
ATP2C1	CHEK2	1	1	1	1
ATP2C1	CISD1	1	1	1	1
ATP2C1	DNAJB2	1	1	1	1
ATP2C1	EBNA1BP2	1	1	1	1
ATP2C1	EZH2	1	1	1	1
ATP2C1	GFOD1	1	1	1	1
ATP2C1	KDM3A	1	1	1	1
ATP2C1	MAP4K4	1	1	1	1
ATP2C1	MLLT11	1	1	1	1
ATP2C1	MSRA	1	1	1	1
ATP2C1	MTF2	1	1	1	1
ATP2C1	NARFL	1	1	1	1
ATP2C1	RRP8	1	1	1	1
ATP2C1	SCYL3	1	1	1	1
ATP2C1	TOPBP1	1	1	1	1
ATP2C1	VAV3	1	1	1	1
ATP5S	ABCC5	1	1	1	1
ATP5S	CYTH1	1	1	1	1
ATP5S	ECD	1	1	1	1
ATP5S	IGF2R	1	1	1	1
ATP5S	KIF20A	1	1	1	1
ATP5S	MAP4K4	1	1	1	1
ATP5S	MAPKAPK3	1	1	1	1
ATP5S	PAPD7	1	1	1	1
ATP5S	PHKG2	1	1	1	1
ATP5S	PTPN12	1	1	1	1
ATP5S	PTPRK	1	1	1	1
ATP5S	RNPS1	1	1	1	1
ATP5S	TRAPPC6A	1	1	1	1
ATP5S	UBE2C	1	1	1	1
ATP5S	ZMIZ1	1	1	1	1
ATP6V0B	ABHD6	1	1	1	1
ATP6V0B	ABL1	1	1	1	1
ATP6V0B	ADI1	1	1	1	1
ATP6V0B	BHLHE40	1	1	1	1
ATP6V0B	CHERP	1	1	1	1
ATP6V0B	DHX29	1	1	1	1
ATP6V0B	DNAJA3	1	1	1	1
ATP6V0B	ECD	1	1	1	1
ATP6V0B	FAT1	1	1	1	1
ATP6V0B	FHL2	1	1	1	1
ATP6V0B	FIS1	1	1	1	1
ATP6V0B	GDPD5	1	1	1	1
ATP6V0B	GOLT1B	1	1	1	1
ATP6V0B	KIAA1033	1	1	1	1
ATP6V0B	MCM3	1	1	1	1
ATP6V0B	MCOLN1	1	1	1	1
ATP6V0B	NET1	1	1	1	1
ATP6V0B	PCMT1	1	1	1	1
ATP6V0B	PIGB	1	1	1	1
ATP6V0B	POLR2K	1	1	1	1
ATP6V0B	RRP8	1	1	1	1
ATP6V0B	STK10	1	1	1	1
ATP6V0B	STX1A	1	1	1	1
ATP6V0B	TERF2IP	1	1	1	1
ATP6V0B	TFAP2A	1	1	1	1
ATP6V0B	TMEM109	1	1	1	1
ATP6V0B	TRAK2	1	1	1	1
ATP6V0B	TSKU	1	1	1	1
ATP6V0B	TWF2	1	1	1	1
ATP6V0B	UGDH	1	1	1	1
ATP6V0B	VAPB	1	1	1	1
ATP6V0B	WASF3	1	1	1	1
ATP6V1D	CAST	1	1	1	1
ATP6V1D	CRYZ	1	1	1	1
ATP6V1D	CYTH1	1	1	1	1
ATP6V1D	ECH1	1	1	1	1
ATP6V1D	ELAC2	1	1	1	1
ATP6V1D	EPRS	1	1	1	1
ATP6V1D	KDM5A	1	1	1	1
ATP6V1D	MAMLD1	1	1	1	1
ATP6V1D	MYBL2	1	1	1	1
ATP6V1D	P4HA2	1	1	1	1
ATP6V1D	PCMT1	1	1	1	1
ATP6V1D	PHKB	1	1	1	1
ATP6V1D	PMAIP1	1	1	1	1
ATP6V1D	POLG2	1	1	1	1
ATP6V1D	PYCR1	1	1	1	1
ATP6V1D	SLC27A3	1	1	1	1
ATP6V1D	SNX11	1	1	1	1
ATP6V1D	SOX4	1	1	1	1
ATP6V1D	TFAP2A	1	1	1	1
ATP6V1D	TIMELESS	1	1	1	1
ATP6V1D	TMEM109	1	1	1	1
ATP6V1D	TP53BP1	1	1	1	1
ATP6V1D	UFM1	1	1	1	1
AURKA	ABL1	1	1	1	1
AURKA	ARFIP2	1	1	1	1
AURKA	ARID5B	1	1	1	1
AURKA	CD320	1	1	1	1
AURKA	CENPE	1	1	1	1
AURKA	CNPY3	1	1	1	1
AURKA	COG4	1	1	1	1
AURKA	DHRS7	1	1	1	1
AURKA	GNA11	1	1	1	1
AURKA	GNAI2	1	1	1	1
AURKA	HOXA5	1	1	1	1
AURKA	MLLT11	1	1	1	1
AURKA	POLR2K	1	1	1	1
AURKA	RAB31	1	1	1	1
AURKA	RRAGA	1	1	1	1
AURKA	SNX11	1	1	1	1
AURKA	TIMM22	1	1	1	1
AURKA	TOMM34	1	1	1	1
AURKB	ADAT1	1	1	1	1
AURKB	CD44	1	1	1	1
AURKB	GAPDH	1	1	1	1
AURKB	GTPBP8	1	1	1	1
AURKB	IKBKAP	1	1	1	1
AURKB	MCM3	1	1	1	1
AURKB	PAF1	1	1	1	1
AURKB	PIH1D1	1	1	1	1
AURKB	RTN2	1	1	1	1
AURKB	SCP2	1	1	1	1
AURKB	VAV3	1	1	1	1
B3GNT1	EAPP	1	1	1	1
B3GNT1	MTHFD2	1	1	1	1
B3GNT1	NUDCD3	1	1	1	1
B3GNT1	PHGDH	1	1	1	1
B3GNT1	PLA2G15	1	1	1	1
B3GNT1	PPP2R5A	1	1	1	1
B3GNT1	RAB4A	1	1	1	1
B3GNT1	SCARB1	1	1	1	1
B3GNT1	SMC4	1	1	1	1
B3GNT1	UTP14A	1	1	1	1
B3GNT1	VAT1	1	1	1	1
BACE2	ABCC5	1	1	1	1
BACE2	ARPP19	1	1	1	1
BACE2	BIRC5	1	1	1	1
BACE2	CENPE	1	1	1	1
BACE2	CPNE3	1	1	1	1
BACE2	ERBB3	1	1	1	1
BACE2	GADD45B	1	1	1	1
BACE2	GDPD5	1	1	1	1
BACE2	GFOD1	1	1	1	1
BACE2	ME2	1	1	1	1
BACE2	RAB4A	1	1	1	1
BACE2	TIPARP	1	1	1	1
BAD	ABHD4	1	1	1	1
BAD	AKR7A2	1	1	1	1
BAD	ANXA7	1	1	1	1
BAD	CD58	1	1	1	1
BAD	DDX42	1	1	1	1
BAD	ECD	1	1	1	1
BAD	EDEM1	1	1	1	1
BAD	FAM20B	1	1	1	1
BAD	FCHO1	1	1	1	1
BAD	GABPB1	1	1	1	1
BAD	GATA2	1	1	1	1
BAD	GNA11	1	1	1	1
BAD	IQGAP1	1	1	1	1
BAD	MYO10	1	1	1	1
BAD	NUP62	1	1	1	1
BAD	PTPLAD1	1	1	1	1
BAD	SCARB1	1	1	1	1
BAD	SPAG4	1	1	1	1
BAD	STUB1	1	1	1	1
BAD	TOPBP1	1	1	1	1
BAD	TRAPPC3	1	1	1	1
BAD	TSTA3	1	1	1	1
BAD	UTP14A	1	1	1	1
BAG3	ANXA7	1	1	1	1
BAG3	CYTH1	1	1	1	1
BAG3	EGFR	1	1	1	1
BAG3	FOS	1	1	1	1
BAG3	GNA11	1	1	1	1
BAG3	H2AFV	1	1	1	1
BAG3	HDAC2	1	1	1	1
BAG3	HMGCS1	1	1	1	1
BAG3	IKBKAP	1	1	1	1
BAG3	MAPKAPK5	1	1	1	1
BAG3	MLEC	1	1	1	1
BAG3	NR1H2	1	1	1	1
BAG3	NR2F6	1	1	1	1
BAG3	PCMT1	1	1	1	1
BAG3	PMAIP1	1	1	1	1
BAG3	SLC25A14	1	1	1	1
BAG3	SLC35F2	1	1	1	1
BAG3	SPAG7	1	1	1	1
BAG3	STUB1	1	1	1	1
BAG3	STX1A	1	1	1	1
BAG3	TATDN2	1	1	1	1
BAG3	TIMM22	1	1	1	1
BAG3	TLE1	1	1	1	1
BAG3	TSTA3	1	1	1	1
BAMBI	APPBP2	1	1	1	1
BAMBI	BCL2	1	1	1	1
BAMBI	CIRBP	1	1	1	1
BAMBI	CTNND1	1	1	1	1
BAMBI	CTSD	1	1	1	1
BAMBI	DCTD	1	1	1	1
BAMBI	DUSP14	1	1	1	1
BAMBI	FIS1	1	1	1	1
BAMBI	GPC1	1	1	1	1
BAMBI	IARS2	1	1	1	1
BAMBI	IL13RA1	1	1	1	1
BAMBI	ISOC1	1	1	1	1
BAMBI	POLD4	1	1	1	1
BAMBI	SOCS2	1	1	1	1
BAMBI	SQRDL	1	1	1	1
BAMBI	TOMM34	1	1	1	1
BAMBI	TPD52L2	1	1	1	1
BCL2	ACAA1	1	1	1	1
BCL2	ACBD3	1	1	1	1
BCL2	BACE2	1	1	1	1
BCL2	CCDC86	1	1	1	1
BCL2	CENPE	1	1	1	1
BCL2	DCK	1	1	1	1
BCL2	EML3	1	1	1	1
BCL2	GABPB1	1	1	1	1
BCL2	HEBP1	1	1	1	1
BCL2	HSD17B11	1	1	1	1
BCL2	LAP3	1	1	1	1
BCL2	MAST2	1	1	1	1
BCL2	MELK	1	1	1	1
BCL2	MTF2	1	1	1	1
BCL2	NT5DC2	1	1	1	1
BCL2	NUCB2	1	1	1	1
BCL2	PAF1	1	1	1	1
BCL2	PIP4K2B	1	1	1	1
BCL2	PLSCR1	1	1	1	1
BCL2	PMAIP1	1	1	1	1
BCL2	POLE2	1	1	1	1
BCL2	POLR2K	1	1	1	1
BCL2	PRSS23	1	1	1	1
BCL2	RNF167	1	1	1	1
BCL2	SFN	1	1	1	1
BCL2	SLC25A46	1	1	1	1
BCL2	STK25	1	1	1	1
BCL2	SYNGR3	1	1	1	1
BCL2	TIMM9	1	1	1	1
BCL2	TOMM34	1	1	1	1
BCL2	TRIM13	1	1	1	1
BCL2	TXLNA	1	1	1	1
BCL2	USP1	1	1	1	1
BCL2	USP6NL	1	1	1	1
BCL7B	AKR7A2	1	1	1	1
BCL7B	AKT1	1	1	1	1
BCL7B	BLMH	1	1	1	1
BCL7B	CAPN1	1	1	1	1
BCL7B	DECR1	1	1	1	1
BCL7B	HAT1	1	1	1	1
BCL7B	HOOK2	1	1	1	1
BCL7B	HTRA1	1	1	1	1
BCL7B	ICAM3	1	1	1	1
BCL7B	NISCH	1	1	1	1
BCL7B	PEX11A	1	1	1	1
BCL7B	PIH1D1	1	1	1	1
BCL7B	PSMG1	1	1	1	1
BCL7B	PXN	1	1	1	1
BCL7B	S100A4	1	1	1	1
BCL7B	TCTA	1	1	1	1
BCL7B	TP53BP1	1	1	1	1
BCL7B	TRAPPC3	1	1	1	1
BCL7B	TXNDC9	1	1	1	1
BCL7B	XPO7	1	1	1	1
BDH1	BLVRA	1	1	1	1
BDH1	DYNLT3	1	1	1	1
BDH1	EPB41L2	1	1	1	1
BDH1	FAT1	1	1	1	1
BDH1	FUT1	1	1	1	1
BDH1	GLRX	1	1	1	1
BDH1	GNA11	1	1	1	1
BDH1	HERC6	1	1	1	1
BDH1	MICALL1	1	1	1	1
BDH1	PPARG	1	1	1	1
BDH1	PRR15L	1	1	1	1
BDH1	RNH1	1	1	1	1
BDH1	RNMT	1	1	1	1
BDH1	RPL39L	1	1	1	1
BDH1	TP53BP1	1	1	1	1
BDH1	UBR7	1	1	1	1
BDH1	VPS28	1	1	1	1
BDH1	XPO7	1	1	1	1
BDH1	ZDHHC6	1	1	1	1
BECN1	ACOT9	1	1	1	1
BECN1	ADO	1	1	1	1
BECN1	ARHGAP1	1	1	1	1
BECN1	AURKA	1	1	1	1
BECN1	BDH1	1	1	1	1
BECN1	BHLHE40	1	1	1	1
BECN1	CORO1A	1	1	1	1
BECN1	DNAJB1	1	1	1	1
BECN1	DNTTIP2	1	1	1	1
BECN1	MAP4K4	1	1	1	1
BECN1	METRN	1	1	1	1
BECN1	MSRA	1	1	1	1
BECN1	POP4	1	1	1	1
BECN1	RRS1	1	1	1	1
BECN1	SENP6	1	1	1	1
BHLHE40	ABHD6	1	1	1	1
BHLHE40	ARID5B	1	1	1	1
BHLHE40	ATP2C1	1	1	1	1
BHLHE40	CAB39	1	1	1	1
BHLHE40	CD44	1	1	1	1
BHLHE40	CGRRF1	1	1	1	1
BHLHE40	CLTB	1	1	1	1
BHLHE40	DNAJB1	1	1	1	1
BHLHE40	FAS	1	1	1	1
BHLHE40	FAT1	1	1	1	1
BHLHE40	GLRX	1	1	1	1
BHLHE40	GRB10	1	1	1	1
BHLHE40	IKBKB	1	1	1	1
BHLHE40	IL13RA1	1	1	1	1
BHLHE40	KAT6A	1	1	1	1
BHLHE40	LYN	1	1	1	1
BHLHE40	MFSD10	1	1	1	1
BHLHE40	NUDCD3	1	1	1	1
BHLHE40	PNP	1	1	1	1
BHLHE40	POLG2	1	1	1	1
BHLHE40	RFC2	1	1	1	1
BHLHE40	SCARB1	1	1	1	1
BHLHE40	SCCPDH	1	1	1	1
BID	AMDHD2	1	1	1	1
BID	CSNK2A2	1	1	1	1
BID	DNAJB6	1	1	1	1
BID	EPRS	1	1	1	1
BID	FAH	1	1	1	1
BID	GTF2A2	1	1	1	1
BID	PCCB	1	1	1	1
BID	RNF167	1	1	1	1
BID	RRAGA	1	1	1	1
BID	SKIV2L	1	1	1	1
BIRC5	AARS	1	1	1	1
BIRC5	APPBP2	1	1	1	1
BIRC5	BHLHE40	1	1	1	1
BIRC5	CCNB2	1	1	1	1
BIRC5	CNOT4	1	1	1	1
BIRC5	FPGS	1	1	1	1
BIRC5	FSD1	1	1	1	1
BIRC5	GAPDH	1	1	1	1
BIRC5	GNB5	1	1	1	1
BIRC5	GPATCH8	1	1	1	1
BIRC5	HAT1	1	1	1	1
BIRC5	HDAC6	1	1	1	1
BIRC5	HOXA5	1	1	1	1
BIRC5	IER3	1	1	1	1
BIRC5	MBNL1	1	1	1	1
BIRC5	NCOA3	1	1	1	1
BIRC5	PPP2R5A	1	1	1	1
BIRC5	RAD51C	1	1	1	1
BIRC5	RELB	1	1	1	1
BIRC5	RRAGA	1	1	1	1
BIRC5	SACM1L	1	1	1	1
BIRC5	SESN1	1	1	1	1
BIRC5	SNX13	1	1	1	1
BIRC5	SQRDL	1	1	1	1
BIRC5	SUPV3L1	1	1	1	1
BIRC5	TRIB1	1	1	1	1
BIRC5	TRIB3	1	1	1	1
BIRC5	YKT6	1	1	1	1
BLCAP	BACE2	1	1	1	1
BLCAP	COPB2	1	1	1	1
BLCAP	GNA11	1	1	1	1
BLCAP	HOOK2	1	1	1	1
BLCAP	INSIG1	1	1	1	1
BLCAP	MAPK9	1	1	1	1
BLCAP	RAB31	1	1	1	1
BLCAP	WRB	1	1	1	1
BLMH	ACOT9	1	1	1	1
BLMH	ARHGEF2	1	1	1	1
BLMH	DCTD	1	1	1	1
BLMH	DNTTIP2	1	1	1	1
BLMH	FAT1	1	1	1	1
BLMH	FUT1	1	1	1	1
BLMH	GLRX	1	1	1	1
BLMH	HOXA5	1	1	1	1
BLMH	ITGAE	1	1	1	1
BLMH	LRP10	1	1	1	1
BLMH	MRPS2	1	1	1	1
BLMH	NRIP1	1	1	1	1
BLMH	OXSR1	1	1	1	1
BLMH	PCBD1	1	1	1	1
BLMH	PDS5A	1	1	1	1
BLMH	PPIE	1	1	1	1
BLMH	PTK2	1	1	1	1
BLVRA	ABCF3	1	1	1	1
BLVRA	ARHGEF2	1	1	1	1
BLVRA	ATP11B	1	1	1	1
BLVRA	ATP6V1D	1	1	1	1
BLVRA	B3GNT1	1	1	1	1
BLVRA	CD44	1	1	1	1
BLVRA	EDEM1	1	1	1	1
BLVRA	EZH2	1	1	1	1
BLVRA	FOS	1	1	1	1
BLVRA	GMNN	1	1	1	1
BLVRA	GNA11	1	1	1	1
BLVRA	IGF1R	1	1	1	1
BLVRA	KLHL9	1	1	1	1
BLVRA	LSR	1	1	1	1
BLVRA	MAPKAPK5	1	1	1	1
BLVRA	PIH1D1	1	1	1	1
BLVRA	SCAND1	1	1	1	1
BLVRA	SLC2A6	1	1	1	1
BLVRA	SPAG7	1	1	1	1
BLVRA	TARBP1	1	1	1	1
BLVRA	TM9SF3	1	1	1	1
BLVRA	UBQLN2	1	1	1	1
BNIP3	ACBD3	1	1	1	1
BNIP3	ENOPH1	1	1	1	1
BNIP3	ETFB	1	1	1	1
BNIP3	LPAR2	1	1	1	1
BNIP3	MAST2	1	1	1	1
BNIP3	MPZL1	1	1	1	1
BNIP3	NOSIP	1	1	1	1
BNIP3	RNPS1	1	1	1	1
BNIP3	SQRDL	1	1	1	1
BNIP3	TJP1	1	1	1	1
BNIP3	TP53BP2	1	1	1	1
BNIP3	TRIB3	1	1	1	1
BNIP3	TXNDC9	1	1	1	1
BPHL	ACAT2	1	1	1	1
BPHL	CRKL	1	1	1	1
BPHL	DCK	1	1	1	1
BPHL	DNAJB1	1	1	1	1
BPHL	DRAP1	1	1	1	1
BPHL	HMG20B	1	1	1	1
BPHL	KIF5C	1	1	1	1
BPHL	MTFR1	1	1	1	1
BUB1B	ABL1	1	1	1	1
BUB1B	ADAM10	1	1	1	1
BUB1B	ARL4C	1	1	1	1
BUB1B	ATP5S	1	1	1	1
BUB1B	CAT	1	1	1	1
BUB1B	CENPE	1	1	1	1
BUB1B	CTNND1	1	1	1	1
BUB1B	DHDDS	1	1	1	1
BUB1B	DNMT1	1	1	1	1
BUB1B	KIF20A	1	1	1	1
BUB1B	MSH6	1	1	1	1
BUB1B	NOLC1	1	1	1	1
BUB1B	NUDT9	1	1	1	1
BUB1B	PIN1	1	1	1	1
BUB1B	UBE2C	1	1	1	1
BUB1B	XPNPEP1	1	1	1	1
BZW2	ADCK3	1	1	1	1
BZW2	AGL	1	1	1	1
BZW2	CCNA2	1	1	1	1
BZW2	CHN1	1	1	1	1
BZW2	GOLT1B	1	1	1	1
BZW2	LOXL1	1	1	1	1
BZW2	MBTPS1	1	1	1	1
BZW2	PAFAH1B1	1	1	1	1
BZW2	PLS1	1	1	1	1
BZW2	PYGL	1	1	1	1
BZW2	RRS1	1	1	1	1
BZW2	SQRDL	1	1	1	1
BZW2	TRIB3	1	1	1	1
BZW2	ZNF318	1	1	1	1
BZW2	ZNF451	1	1	1	1
C2CD2	ARNT2	1	1	1	1
C2CD2	ATP6V0B	1	1	1	1
C2CD2	CASK	1	1	1	1
C2CD2	DLD	1	1	1	1
C2CD2	DRAP1	1	1	1	1
C2CD2	GRN	1	1	1	1
C2CD2	HN1L	1	1	1	1
C2CD2	HOXA5	1	1	1	1
C2CD2	INPP1	1	1	1	1
C2CD2	MELK	1	1	1	1
C2CD2	PCMT1	1	1	1	1
C2CD2	PIN1	1	1	1	1
C2CD2	PRUNE	1	1	1	1
C2CD2	PSRC1	1	1	1	1
C2CD2	SLC25A14	1	1	1	1
C2CD2	STAP2	1	1	1	1
C2CD2L	BECN1	1	1	1	1
C2CD2L	CCNF	1	1	1	1
C2CD2L	DDX42	1	1	1	1
C2CD2L	DHRS7	1	1	1	1
C2CD2L	DHX29	1	1	1	1
C2CD2L	EDEM1	1	1	1	1
C2CD2L	GAPDH	1	1	1	1
C2CD2L	GNB5	1	1	1	1
C2CD2L	IER3	1	1	1	1
C2CD2L	IKBKE	1	1	1	1
C2CD2L	LAGE3	1	1	1	1
C2CD2L	NOSIP	1	1	1	1
C2CD2L	PDLIM1	1	1	1	1
C2CD2L	PDS5A	1	1	1	1
C2CD2L	PLA2G15	1	1	1	1
C2CD2L	RNPS1	1	1	1	1
C2CD2L	SPTLC2	1	1	1	1
C2CD2L	TJP1	1	1	1	1
C2CD2L	TMEM97	1	1	1	1
C2CD2L	TXNDC9	1	1	1	1
C2CD2L	ZNF131	1	1	1	1
CAB39	BIRC5	1	1	1	1
CAB39	BZW2	1	1	1	1
CAB39	CCP110	1	1	1	1
CAB39	CD44	1	1	1	1
CAB39	FAT1	1	1	1	1
CAB39	H2AFV	1	1	1	1
CAB39	KIAA0907	1	1	1	1
CAB39	MCM3	1	1	1	1
CAB39	MCOLN1	1	1	1	1
CAB39	NIPSNAP1	1	1	1	1
CAB39	SFN	1	1	1	1
CAB39	SMC3	1	1	1	1
CAB39	SORBS3	1	1	1	1
CAB39	STAT1	1	1	1	1
CAB39	TIMM9	1	1	1	1
CALU	CNPY3	1	1	1	1
CALU	DDIT4	1	1	1	1
CALU	DHX29	1	1	1	1
CALU	ELAC2	1	1	1	1
CALU	FCHO1	1	1	1	1
CALU	GAA	1	1	1	1
CALU	HYOU1	1	1	1	1
CALU	KIAA0355	1	1	1	1
CALU	LOXL1	1	1	1	1
CALU	MAPK13	1	1	1	1
CALU	MAPKAPK5	1	1	1	1
CALU	NCAPD2	1	1	1	1
CALU	PLS1	1	1	1	1
CALU	POLR2K	1	1	1	1
CALU	PYCR1	1	1	1	1
CALU	SKIV2L	1	1	1	1
CALU	SLC35B1	1	1	1	1
CALU	TBXA2R	1	1	1	1
CALU	TMEM109	1	1	1	1
CALU	TMEM2	1	1	1	1
CALU	WFS1	1	1	1	1
CAMSAP2	ABCF3	1	1	1	1
CAMSAP2	ACAT2	1	1	1	1
CAMSAP2	AKAP8L	1	1	1	1
CAMSAP2	BLMH	1	1	1	1
CAMSAP2	CANT1	1	1	1	1
CAMSAP2	DHRS7	1	1	1	1
CAMSAP2	DNMT1	1	1	1	1
CAMSAP2	FAS	1	1	1	1
CAMSAP2	GTF2E2	1	1	1	1
CAMSAP2	IER3	1	1	1	1
CAMSAP2	IL4R	1	1	1	1
CAMSAP2	KLHDC2	1	1	1	1
CAMSAP2	KTN1	1	1	1	1
CAMSAP2	MCM3	1	1	1	1
CAMSAP2	MCOLN1	1	1	1	1
CAMSAP2	OXCT1	1	1	1	1
CAMSAP2	POLR2I	1	1	1	1
CAMSAP2	PRSS23	1	1	1	1
CAMSAP2	RBM15B	1	1	1	1
CAMSAP2	SMC3	1	1	1	1
CAMSAP2	TRAP1	1	1	1	1
CAMSAP2	TRIB1	1	1	1	1
CAMSAP2	TRIM2	1	1	1	1
CAMSAP2	UBQLN2	1	1	1	1
CAMSAP2	WFS1	1	1	1	1
CAMSAP2	YME1L1	1	1	1	1
CAMSAP2	ZNF586	1	1	1	1
CANT1	CISD1	1	1	1	1
CANT1	CSK	1	1	1	1
CANT1	DNMT1	1	1	1	1
CANT1	ERBB2	1	1	1	1
CANT1	FBXO21	1	1	1	1
CANT1	HEATR1	1	1	1	1
CANT1	HOOK2	1	1	1	1
CANT1	INTS3	1	1	1	1
CANT1	MBTPS1	1	1	1	1
CANT1	NENF	1	1	1	1
CANT1	PRCP	1	1	1	1
CANT1	RNH1	1	1	1	1
CANT1	SMC1A	1	1	1	1
CANT1	SNX11	1	1	1	1
CANT1	TIMP2	1	1	1	1
CANT1	TXLNA	1	1	1	1
CANT1	VPS72	1	1	1	1
CANT1	ZDHHC6	1	1	1	1
CAPN1	ABCC5	1	1	1	1
CAPN1	ABHD4	1	1	1	1
CAPN1	ARPP19	1	1	1	1
CAPN1	CCDC86	1	1	1	1
CAPN1	COG7	1	1	1	1
CAPN1	CTNNAL1	1	1	1	1
CAPN1	EML3	1	1	1	1
CAPN1	FSD1	1	1	1	1
CAPN1	KAT6A	1	1	1	1
CAPN1	KLHL21	1	1	1	1
CAPN1	NT5DC2	1	1	1	1
CAPN1	NUP88	1	1	1	1
CAPN1	PDLIM1	1	1	1	1
CAPN1	PHGDH	1	1	1	1
CAPN1	PHKB	1	1	1	1
CAPN1	SPTLC2	1	1	1	1
CAPN1	TP53BP1	1	1	1	1
CAPN1	TSC22D3	1	1	1	1
CASC3	ABL1	1	1	1	1
CASC3	ANXA7	1	1	1	1
CASC3	ATP2C1	1	1	1	1
CASC3	CNDP2	1	1	1	1
CASC3	CXCR4	1	1	1	1
CASC3	MTF2	1	1	1	1
CASC3	NUP88	1	1	1	1
CASC3	POLR2K	1	1	1	1
CASC3	PTPLAD1	1	1	1	1
CASK	ACAT2	1	1	1	1
CASK	ADO	1	1	1	1
CASK	ANO10	1	1	1	1
CASK	BAG3	1	1	1	1
CASK	CDK2	1	1	1	1
CASK	DNAJB2	1	1	1	1
CASK	DSG2	1	1	1	1
CASK	ERBB3	1	1	1	1
CASK	GATA2	1	1	1	1
CASK	HIST2H2BE	1	1	1	1
CASK	ISOC1	1	1	1	1
CASK	JMJD6	1	1	1	1
CASK	MTHFD2	1	1	1	1
CASK	PECR	1	1	1	1
CASK	SLC25A14	1	1	1	1
CASK	SLC35A1	1	1	1	1
CASK	STK25	1	1	1	1
CASK	STXBP2	1	1	1	1
CASK	TATDN2	1	1	1	1
CASK	TRAPPC3	1	1	1	1
CASK	TXNL4B	1	1	1	1
CASP3	ACOT9	1	1	1	1
CASP3	DDB2	1	1	1	1
CASP3	RAD51C	1	1	1	1
CASP3	RGS2	1	1	1	1
CASP3	SKIV2L	1	1	1	1
CASP3	SLC37A4	1	1	1	1
CASP3	UBQLN2	1	1	1	1
CAST	ACBD3	1	1	1	1
CAST	AKAP8	1	1	1	1
CAST	GATA3	1	1	1	1
CAST	HN1L	1	1	1	1
CAST	P4HTM	1	1	1	1
CAST	SLC37A4	1	1	1	1
CAST	SUPV3L1	1	1	1	1
CAST	SYPL1	1	1	1	1
CAST	TMEM50A	1	1	1	1
CAST	TRAPPC3	1	1	1	1
CAST	UBR7	1	1	1	1
CAST	USP14	1	1	1	1
CAST	XPNPEP1	1	1	1	1
CAST	ZW10	1	1	1	1
CAT	ARID4B	1	1	1	1
CAT	COG4	1	1	1	1
CAT	COPB2	1	1	1	1
CAT	CRYZ	1	1	1	1
CAT	GAA	1	1	1	1
CAT	IPO13	1	1	1	1
CAT	MAST2	1	1	1	1
CAT	MLEC	1	1	1	1
CAT	NRAS	1	1	1	1
CAT	PHKA1	1	1	1	1
CAT	PTPN12	1	1	1	1
CAT	SMC3	1	1	1	1
CAT	TRAPPC6A	1	1	1	1
CAT	TRIB1	1	1	1	1
CAT	USP22	1	1	1	1
CAT	USP7	1	1	1	1
CBR1	ARFIP2	1	1	1	1
CBR1	BAG3	1	1	1	1
CBR1	BHLHE40	1	1	1	1
CBR1	CAST	1	1	1	1
CBR1	CBR1	1	1	1	1
CBR1	CEBPZ	1	1	1	1
CBR1	EML3	1	1	1	1
CBR1	FHL2	1	1	1	1
CBR1	HK1	1	1	1	1
CBR1	KIAA1033	1	1	1	1
CBR1	PGM1	1	1	1	1
CBR1	RUVBL1	1	1	1	1
CBR1	STUB1	1	1	1	1
CBR1	TRAP1	1	1	1	1
CBR3	ABCF1	1	1	1	1
CBR3	APPBP2	1	1	1	1
CBR3	DSG2	1	1	1	1
CBR3	EVL	1	1	1	1
CBR3	NOSIP	1	1	1	1
CBR3	PACSIN3	1	1	1	1
CBR3	RPA2	1	1	1	1
CBR3	RPA3	1	1	1	1
CBR3	SLC1A4	1	1	1	1
CBR3	TBC1D9B	1	1	1	1
CBR3	TXNDC9	1	1	1	1
CBR3	UBE2J1	1	1	1	1
CCDC85B	CLSTN1	1	1	1	1
CCDC85B	CPSF4	1	1	1	1
CCDC85B	CREG1	1	1	1	1
CCDC85B	GPATCH8	1	1	1	1
CCDC85B	JUN	1	1	1	1
CCDC85B	LIPA	1	1	1	1
CCDC85B	LSM6	1	1	1	1
CCDC85B	MTHFD2	1	1	1	1
CCDC85B	NFE2L2	1	1	1	1
CCDC85B	NIPSNAP1	1	1	1	1
CCDC85B	P4HA2	1	1	1	1
CCDC85B	PCMT1	1	1	1	1
CCDC85B	PLEKHM1	1	1	1	1
CCDC85B	POLD4	1	1	1	1
CCDC85B	RBM6	1	1	1	1
CCDC86	BAMBI	1	1	1	1
CCDC86	CAST	1	1	1	1
CCDC86	CTNND1	1	1	1	1
CCDC86	DSG2	1	1	1	1
CCDC86	DUSP14	1	1	1	1
CCDC86	KIAA0907	1	1	1	1
CCDC86	KLHDC2	1	1	1	1
CCDC86	MAPKAPK5	1	1	1	1
CCDC86	NFE2L2	1	1	1	1
CCDC86	PIN1	1	1	1	1
CCDC86	SLC35F2	1	1	1	1
CCDC86	TIPARP	1	1	1	1
CCDC86	TPM1	1	1	1	1
CCDC86	TSPAN6	1	1	1	1
CCDC92	AKAP8	1	1	1	1
CCDC92	CHN1	1	1	1	1
CCDC92	CRKL	1	1	1	1
CCDC92	CRTAP	1	1	1	1
CCDC92	CSNK2A2	1	1	1	1
CCDC92	DNAJB2	1	1	1	1
CCDC92	DNAJC15	1	1	1	1
CCDC92	EDEM1	1	1	1	1
CCDC92	HIST2H2BE	1	1	1	1
CCDC92	IKBKB	1	1	1	1
CCDC92	MAMLD1	1	1	1	1
CCDC92	MTHFD2	1	1	1	1
CCDC92	OXCT1	1	1	1	1
CCDC92	PPIC	1	1	1	1
CCDC92	PRUNE	1	1	1	1
CCDC92	RAD51C	1	1	1	1
CCDC92	SQRDL	1	1	1	1
CCDC92	TIMELESS	1	1	1	1
CCDC92	USP6NL	1	1	1	1
CCNA2	ADAM10	1	1	1	1
CCNA2	ATG3	1	1	1	1
CCNA2	ATMIN	1	1	1	1
CCNA2	ATP2C1	1	1	1	1
CCNA2	CCNB2	1	1	1	1
CCNA2	CETN3	1	1	1	1
CCNA2	CLSTN1	1	1	1	1
CCNA2	DYNLT3	1	1	1	1
CCNA2	EVL	1	1	1	1
CCNA2	IQGAP1	1	1	1	1
CCNA2	RAB31	1	1	1	1
CCNA2	SLC35F2	1	1	1	1
CCNA2	SOX4	1	1	1	1
CCNA2	TJP1	1	1	1	1
CCNA2	TRIM13	1	1	1	1
CCNA2	VAT1	1	1	1	1
CCNB2	ADAT1	1	1	1	1
CCNB2	ALAS1	1	1	1	1
CCNB2	BID	1	1	1	1
CCNB2	CDK1	1	1	1	1
CCNB2	INPP4B	1	1	1	1
CCNB2	MAP2K5	1	1	1	1
CCNB2	PIH1D1	1	1	1	1
CCNB2	PRKACA	1	1	1	1
CCNB2	TOPBP1	1	1	1	1
CCNB2	TSPAN4	1	1	1	1
CCNF	ARFIP2	1	1	1	1
CCNF	BLMH	1	1	1	1
CCNF	CXCR4	1	1	1	1
CCNF	CYTH1	1	1	1	1
CCNF	DNTTIP2	1	1	1	1
CCNF	GPR56	1	1	1	1
CCNF	KIAA1279	1	1	1	1
CCNF	LSM6	1	1	1	1
CCNF	MAP2K5	1	1	1	1
CCNF	MLEC	1	1	1	1
CCNF	PRKCD	1	1	1	1
CCP110	ATP5S	1	1	1	1
CCP110	AURKB	1	1	1	1
CCP110	CCDC85B	1	1	1	1
CCP110	CERK	1	1	1	1
CCP110	CXCR4	1	1	1	1
CCP110	DRAP1	1	1	1	1
CCP110	EZH2	1	1	1	1
CCP110	GABPB1	1	1	1	1
CCP110	IL13RA1	1	1	1	1
CCP110	ISOC1	1	1	1	1
CCP110	KAT6B	1	1	1	1
CCP110	LAGE3	1	1	1	1
CCP110	P4HA2	1	1	1	1
CCP110	PAFAH1B3	1	1	1	1
CCP110	PARP2	1	1	1	1
CCP110	PLOD3	1	1	1	1
CCP110	POLD4	1	1	1	1
CCP110	PPARG	1	1	1	1
CCP110	PPIE	1	1	1	1
CCP110	STXBP2	1	1	1	1
CCP110	TRIB1	1	1	1	1
CCP110	WRB	1	1	1	1
CCP110	ZNF451	1	1	1	1
CD320	CAPN1	1	1	1	1
CD320	CENPE	1	1	1	1
CD320	CETN3	1	1	1	1
CD320	CNPY3	1	1	1	1
CD320	EBP	1	1	1	1
CD320	GSTZ1	1	1	1	1
CD320	HAT1	1	1	1	1
CD320	KIAA1033	1	1	1	1
CD320	ME2	1	1	1	1
CD320	MRPS2	1	1	1	1
CD320	NIT1	1	1	1	1
CD320	NOL3	1	1	1	1
CD320	PMM2	1	1	1	1
CD320	PNP	1	1	1	1
CD320	RFC5	1	1	1	1
CD320	RNF167	1	1	1	1
CD320	RRP12	1	1	1	1
CD320	RRS1	1	1	1	1
CD320	STK25	1	1	1	1
CD320	TM9SF3	1	1	1	1
CD320	TSPAN3	1	1	1	1
CD320	VGLL4	1	1	1	1
CD320	YKT6	1	1	1	1
CD44	ACAA1	1	1	1	1
CD44	BHLHE40	1	1	1	1
CD44	CPSF4	1	1	1	1
CD44	DCK	1	1	1	1
CD44	EZH2	1	1	1	1
CD44	HIST2H2BE	1	1	1	1
CD44	MAMLD1	1	1	1	1
CD44	MLLT11	1	1	1	1
CD44	MTF2	1	1	1	1
CD44	RELB	1	1	1	1
CD44	RFX5	1	1	1	1
CD44	RNH1	1	1	1	1
CD44	SCYL3	1	1	1	1
CD44	UBQLN2	1	1	1	1
CD58	ARHGEF2	1	1	1	1
CD58	CAB39	1	1	1	1
CD58	CORO1A	1	1	1	1
CD58	CSNK2A2	1	1	1	1
CD58	CXCR4	1	1	1	1
CD58	DDIT4	1	1	1	1
CD58	DNAJC15	1	1	1	1
CD58	HOMER2	1	1	1	1
CD58	ITGAE	1	1	1	1
CD58	NR3C1	1	1	1	1
CD58	NRIP1	1	1	1	1
CD58	RFC5	1	1	1	1
CD58	RNF167	1	1	1	1
CD58	RPA3	1	1	1	1
CD58	SESN1	1	1	1	1
CD58	SMC1A	1	1	1	1
CD58	TARBP1	1	1	1	1
CD58	TIMP2	1	1	1	1
CD58	VAV3	1	1	1	1
CD58	VPS28	1	1	1	1
CD97	ECD	1	1	1	1
CD97	LIPA	1	1	1	1
CD97	LYN	1	1	1	1
CD97	MTA1	1	1	1	1
CD97	MYC	1	1	1	1
CD97	NUP85	1	1	1	1
CD97	REEP5	1	1	1	1
CD97	RFC2	1	1	1	1
CD97	RFX5	1	1	1	1
CD97	SQRDL	1	1	1	1
CD97	TES	1	1	1	1
CD97	TPD52L2	1	1	1	1
CDC45	CD44	1	1	1	1
CDC45	CDK1	1	1	1	1
CDC45	CGRRF1	1	1	1	1
CDC45	CSNK2A2	1	1	1	1
CDC45	FAT1	1	1	1	1
CDC45	LSR	1	1	1	1
CDC45	POLE2	1	1	1	1
CDC45	RFC2	1	1	1	1
CDC45	SCYL3	1	1	1	1
CDC45	SNX11	1	1	1	1
CDC45	TM9SF3	1	1	1	1
CDC45	TP53BP1	1	1	1	1
CDC45	UBE3C	1	1	1	1
CDC45	ZW10	1	1	1	1
CDCA4	ABL1	1	1	1	1
CDCA4	ATP6V1D	1	1	1	1
CDCA4	CERK	1	1	1	1
CDCA4	ECD	1	1	1	1
CDCA4	GDPD5	1	1	1	1
CDCA4	HK1	1	1	1	1
CDCA4	MAPK1IP1L	1	1	1	1
CDCA4	NUDT9	1	1	1	1
CDCA4	S100A4	1	1	1	1
CDCA4	SYPL1	1	1	1	1
CDCA4	TWF2	1	1	1	1
CDCA4	VAPB	1	1	1	1
CDCA4	WDTC1	1	1	1	1
CDH3	ABCF3	1	1	1	1
CDH3	ADAT1	1	1	1	1
CDH3	CAST	1	1	1	1
CDH3	CHEK2	1	1	1	1
CDH3	DCTD	1	1	1	1
CDH3	ELOVL6	1	1	1	1
CDH3	EPB41L2	1	1	1	1
CDH3	GAPDH	1	1	1	1
CDH3	HERPUD1	1	1	1	1
CDH3	IKBKB	1	1	1	1
CDH3	INPP4B	1	1	1	1
CDH3	LSM5	1	1	1	1
CDH3	PAFAH1B1	1	1	1	1
CDH3	RPIA	1	1	1	1
CDH3	RTN2	1	1	1	1
CDH3	SFN	1	1	1	1
CDH3	SNX7	1	1	1	1
CDH3	TRIB3	1	1	1	1
CDH3	TSTA3	1	1	1	1
CDH3	USP7	1	1	1	1
CDH3	VAV3	1	1	1	1
CDK1	ECD	1	1	1	1
CDK1	FAS	1	1	1	1
CDK1	IL4R	1	1	1	1
CDK1	MTA1	1	1	1	1
CDK1	NUP62	1	1	1	1
CDK1	NUSAP1	1	1	1	1
CDK1	SPRED2	1	1	1	1
CDK1	SPTLC2	1	1	1	1
CDK1	UBR7	1	1	1	1
CDK19	ABHD4	1	1	1	1
CDK19	ARID4B	1	1	1	1
CDK19	ATG3	1	1	1	1
CDK19	BDH1	1	1	1	1
CDK19	DHDDS	1	1	1	1
CDK19	FOXO4	1	1	1	1
CDK19	GDPD5	1	1	1	1
CDK19	ILK	1	1	1	1
CDK19	KIAA0907	1	1	1	1
CDK19	LYN	1	1	1	1
CDK19	P4HA2	1	1	1	1
CDK19	PGM1	1	1	1	1
CDK19	PIP4K2B	1	1	1	1
CDK19	SLC37A4	1	1	1	1
CDK19	SPEN	1	1	1	1
CDK19	WASF3	1	1	1	1
CDK19	WIPF2	1	1	1	1
CDK2	AGL	1	1	1	1
CDK2	ARID5B	1	1	1	1
CDK2	ATP11B	1	1	1	1
CDK2	ATP1B1	1	1	1	1
CDK2	CFLAR	1	1	1	1
CDK2	DCUN1D4	1	1	1	1
CDK2	DERA	1	1	1	1
CDK2	EPB41L2	1	1	1	1
CDK2	FAM20B	1	1	1	1
CDK2	GABPB1	1	1	1	1
CDK2	GADD45A	1	1	1	1
CDK2	GATA3	1	1	1	1
CDK2	GNPDA1	1	1	1	1
CDK2	GRB10	1	1	1	1
CDK2	ICAM3	1	1	1	1
CDK2	IQGAP1	1	1	1	1
CDK2	MTF2	1	1	1	1
CDK2	NT5DC2	1	1	1	1
CDK2	NUP85	1	1	1	1
CDK2	PCCB	1	1	1	1
CDK2	PIGB	1	1	1	1
CDK2	PLSCR1	1	1	1	1
CDK2	PNKP	1	1	1	1
CDK2	PRPF4	1	1	1	1
CDK2	RGS2	1	1	1	1
CDK2	SGCB	1	1	1	1
CDK2	SLC25A13	1	1	1	1
CDK2	TSTA3	1	1	1	1
CDK2	VGLL4	1	1	1	1
CDKN1A	ARHGEF2	1	1	1	1
CDKN1A	B3GNT1	1	1	1	1
CDKN1A	CCNA2	1	1	1	1
CDKN1A	CPSF4	1	1	1	1
CDKN1A	GPATCH8	1	1	1	1
CDKN1A	IGF2R	1	1	1	1
CDKN1A	OXSR1	1	1	1	1
CDKN1A	PDLIM1	1	1	1	1
CDKN1A	RAB4A	1	1	1	1
CDKN1A	TSPAN6	1	1	1	1
CDKN1A	WDTC1	1	1	1	1
CDKN1A	ZMIZ1	1	1	1	1
CEBPD	APBB2	1	1	1	1
CEBPD	BHLHE40	1	1	1	1
CEBPD	CHN1	1	1	1	1
CEBPD	CIRBP	1	1	1	1
CEBPD	DMTF1	1	1	1	1
CEBPD	ECD	1	1	1	1
CEBPD	GFPT1	1	1	1	1
CEBPD	MAN2B1	1	1	1	1
CEBPD	MSH6	1	1	1	1
CEBPD	NUP93	1	1	1	1
CEBPD	OXSR1	1	1	1	1
CEBPD	PAPD7	1	1	1	1
CEBPD	PSMD10	1	1	1	1
CEBPD	SLC35A1	1	1	1	1
CEBPD	SLC35B1	1	1	1	1
CEBPD	SMC3	1	1	1	1
CEBPD	TNIP1	1	1	1	1
CEBPD	TOP2A	1	1	1	1
CEBPZ	AARS	1	1	1	1
CEBPZ	AKR7A2	1	1	1	1
CEBPZ	BID	1	1	1	1
CEBPZ	CASP3	1	1	1	1
CEBPZ	CEBPZ	1	1	1	1
CEBPZ	CNPY3	1	1	1	1
CEBPZ	DNTTIP2	1	1	1	1
CEBPZ	FBXO21	1	1	1	1
CEBPZ	GDPD5	1	1	1	1
CEBPZ	GLRX	1	1	1	1
CEBPZ	GNB5	1	1	1	1
CEBPZ	GRB10	1	1	1	1
CEBPZ	HSPA4	1	1	1	1
CEBPZ	IPO13	1	1	1	1
CEBPZ	KIAA0100	1	1	1	1
CEBPZ	LBR	1	1	1	1
CEBPZ	MPZL1	1	1	1	1
CEBPZ	NENF	1	1	1	1
CEBPZ	PKIG	1	1	1	1
CEBPZ	PTPLAD1	1	1	1	1
CEBPZ	RAE1	1	1	1	1
CEBPZ	SESN1	1	1	1	1
CEBPZ	SKIV2L	1	1	1	1
CEBPZ	SLC35A3	1	1	1	1
CEBPZ	TIAM1	1	1	1	1
CEBPZ	TIMM9	1	1	1	1
CENPE	BCL2	1	1	1	1
CENPE	CBR1	1	1	1	1
CENPE	CDCA4	1	1	1	1
CENPE	CEBPZ	1	1	1	1
CENPE	COG2	1	1	1	1
CENPE	DRAP1	1	1	1	1
CENPE	FOS	1	1	1	1
CENPE	HPRT1	1	1	1	1
CENPE	HYOU1	1	1	1	1
CENPE	LRPAP1	1	1	1	1
CENPE	MAPKAPK3	1	1	1	1
CENPE	RGS2	1	1	1	1
CENPE	RRS1	1	1	1	1
CENPE	RTN2	1	1	1	1
CENPE	TNIP1	1	1	1	1
CENPE	WDTC1	1	1	1	1
CEP57	CAST	1	1	1	1
CEP57	CCDC85B	1	1	1	1
CEP57	DENND2D	1	1	1	1
CEP57	GABPB1	1	1	1	1
CEP57	MAP4K4	1	1	1	1
CEP57	MEST	1	1	1	1
CEP57	PAFAH1B1	1	1	1	1
CEP57	TATDN2	1	1	1	1
CEP57	TRAM2	1	1	1	1
CEP57	TRIB1	1	1	1	1
CEP57	UBE2C	1	1	1	1
CERK	ALAS1	1	1	1	1
CERK	BECN1	1	1	1	1
CERK	BLMH	1	1	1	1
CERK	CYTH1	1	1	1	1
CERK	HOXA5	1	1	1	1
CERK	KDM3A	1	1	1	1
CERK	PAN2	1	1	1	1
CERK	PPOX	1	1	1	1
CERK	TRIM2	1	1	1	1
CERK	UBE2C	1	1	1	1
CETN3	BCL2	1	1	1	1
CETN3	CNPY3	1	1	1	1
CETN3	EGFR	1	1	1	1
CETN3	EVL	1	1	1	1
CETN3	FASTKD5	1	1	1	1
CETN3	GNB5	1	1	1	1
CETN3	KEAP1	1	1	1	1
CETN3	LRRC41	1	1	1	1
CETN3	METRN	1	1	1	1
CETN3	NR3C1	1	1	1	1
CETN3	OXA1L	1	1	1	1
CETN3	PRR15L	1	1	1	1
CETN3	PRUNE	1	1	1	1
CETN3	RAB31	1	1	1	1
CETN3	TMCO1	1	1	1	1
CETN3	TRIB1	1	1	1	1
CETN3	TRIM2	1	1	1	1
CETN3	USP22	1	1	1	1
CETN3	ZFP36	1	1	1	1
CETN3	ZNF318	1	1	1	1
CFLAR	ACAT2	1	1	1	1
CFLAR	ARID5B	1	1	1	1
CFLAR	BCL7B	1	1	1	1
CFLAR	BDH1	1	1	1	1
CFLAR	CCDC92	1	1	1	1
CFLAR	CCP110	1	1	1	1
CFLAR	CGRRF1	1	1	1	1
CFLAR	CSNK2A2	1	1	1	1
CFLAR	FAM63A	1	1	1	1
CFLAR	GNA11	1	1	1	1
CFLAR	HAT1	1	1	1	1
CFLAR	INTS3	1	1	1	1
CFLAR	KDM5B	1	1	1	1
CFLAR	KLHL9	1	1	1	1
CFLAR	MAPKAPK3	1	1	1	1
CFLAR	NIT1	1	1	1	1
CFLAR	PEX11A	1	1	1	1
CFLAR	REEP5	1	1	1	1
CFLAR	RRS1	1	1	1	1
CFLAR	SCRN1	1	1	1	1
CFLAR	SENP6	1	1	1	1
CFLAR	STAMBP	1	1	1	1
CFLAR	SYNGR3	1	1	1	1
CFLAR	TEX10	1	1	1	1
CFLAR	TIPARP	1	1	1	1
CFLAR	TMED10	1	1	1	1
CFLAR	TSTA3	1	1	1	1
CFLAR	WDTC1	1	1	1	1
CGRRF1	CETN3	1	1	1	1
CGRRF1	DHRS7	1	1	1	1
CGRRF1	FBXL12	1	1	1	1
CGRRF1	HDAC6	1	1	1	1
CGRRF1	ORC1	1	1	1	1
CGRRF1	PUF60	1	1	1	1
CGRRF1	TERF2IP	1	1	1	1
CGRRF1	TOP2A	1	1	1	1
CGRRF1	ZMIZ1	1	1	1	1
CHAC1	ABL1	1	1	1	1
CHAC1	AURKB	1	1	1	1
CHAC1	BAD	1	1	1	1
CHAC1	BPHL	1	1	1	1
CHAC1	CASC3	1	1	1	1
CHAC1	CCNF	1	1	1	1
CHAC1	CRKL	1	1	1	1
CHAC1	DHX29	1	1	1	1
CHAC1	DLD	1	1	1	1
CHAC1	DPH2	1	1	1	1
CHAC1	GAPDH	1	1	1	1
CHAC1	GATA2	1	1	1	1
CHAC1	GRB10	1	1	1	1
CHAC1	HMG20B	1	1	1	1
CHAC1	IKBKAP	1	1	1	1
CHAC1	ITGB5	1	1	1	1
CHAC1	LGALS8	1	1	1	1
CHAC1	MAPK13	1	1	1	1
CHAC1	MBTPS1	1	1	1	1
CHAC1	PKIG	1	1	1	1
CHAC1	RBM15B	1	1	1	1
CHAC1	RNH1	1	1	1	1
CHAC1	SHB	1	1	1	1
CHAC1	STXBP2	1	1	1	1
CHAC1	TIAM1	1	1	1	1
CHAC1	TM9SF3	1	1	1	1
CHAC1	TNIP1	1	1	1	1
CHAC1	UBE3C	1	1	1	1
CHAC1	UBQLN2	1	1	1	1
CHAC1	UBR7	1	1	1	1
CHAC1	XPNPEP1	1	1	1	1
CHEK2	BID	1	1	1	1
CHEK2	CAT	1	1	1	1
CHEK2	CDC45	1	1	1	1
CHEK2	DHDDS	1	1	1	1
CHEK2	DSG2	1	1	1	1
CHEK2	EIF5	1	1	1	1
CHEK2	EZH2	1	1	1	1
CHEK2	FOS	1	1	1	1
CHEK2	INTS3	1	1	1	1
CHEK2	MAPK13	1	1	1	1
CHEK2	POLE2	1	1	1	1
CHEK2	SMC3	1	1	1	1
CHEK2	STUB1	1	1	1	1
CHEK2	TIMM9	1	1	1	1
CHEK2	TRIB1	1	1	1	1
CHEK2	USP22	1	1	1	1
CHEK2	USP7	1	1	1	1
CHEK2	VAT1	1	1	1	1
CHERP	ARFIP2	1	1	1	1
CHERP	ARID5B	1	1	1	1
CHERP	CLIC4	1	1	1	1
CHERP	ENOSF1	1	1	1	1
CHERP	EPB41L2	1	1	1	1
CHERP	FBXO21	1	1	1	1
CHERP	FOXJ3	1	1	1	1
CHERP	GLRX	1	1	1	1
CHERP	IFRD2	1	1	1	1
CHERP	LBR	1	1	1	1
CHERP	NET1	1	1	1	1
CHERP	NUSAP1	1	1	1	1
CHERP	PLS1	1	1	1	1
CHERP	POLR1C	1	1	1	1
CHERP	RAB11FIP2	1	1	1	1
CHERP	SCARB1	1	1	1	1
CHERP	SMARCD2	1	1	1	1
CHERP	TIMM9	1	1	1	1
CHERP	TM9SF2	1	1	1	1
CHERP	TMEM109	1	1	1	1
CHERP	TOPBP1	1	1	1	1
CHIC2	ABHD6	1	1	1	1
CHIC2	CRELD2	1	1	1	1
CHIC2	CXCR4	1	1	1	1
CHIC2	DDR1	1	1	1	1
CHIC2	DHDDS	1	1	1	1
CHIC2	ECD	1	1	1	1
CHIC2	EDEM1	1	1	1	1
CHIC2	GDPD5	1	1	1	1
CHIC2	GRN	1	1	1	1
CHIC2	MYC	1	1	1	1
CHIC2	RTN2	1	1	1	1
CHIC2	SMC4	1	1	1	1
CHIC2	TIAM1	1	1	1	1
CHIC2	TSTA3	1	1	1	1
CHIC2	UBR7	1	1	1	1
CHMP6	ATP6V1D	1	1	1	1
CHMP6	BAD	1	1	1	1
CHMP6	CHIC2	1	1	1	1
CHMP6	DRAP1	1	1	1	1
CHMP6	DSG2	1	1	1	1
CHMP6	ENOPH1	1	1	1	1
CHMP6	KDM3A	1	1	1	1
CHMP6	KIF14	1	1	1	1
CHMP6	MAP4K4	1	1	1	1
CHMP6	MELK	1	1	1	1
CHMP6	MTF2	1	1	1	1
CHMP6	NR3C1	1	1	1	1
CHMP6	PSMD10	1	1	1	1
CHMP6	TFAP2A	1	1	1	1
CHN1	ABHD4	1	1	1	1
CHN1	BIRC5	1	1	1	1
CHN1	CERK	1	1	1	1
CHN1	CIRBP	1	1	1	1
CHN1	CRKL	1	1	1	1
CHN1	DNAJA3	1	1	1	1
CHN1	DNAJB2	1	1	1	1
CHN1	HADH	1	1	1	1
CHN1	MTHFD2	1	1	1	1
CHN1	NR2F6	1	1	1	1
CHN1	NRAS	1	1	1	1
CHN1	PGRMC1	1	1	1	1
CHN1	PIN1	1	1	1	1
CHN1	SCYL3	1	1	1	1
CHN1	TBXA2R	1	1	1	1
CHN1	TIMELESS	1	1	1	1
CHN1	ZNF586	1	1	1	1
CIAPIN1	CREG1	1	1	1	1
CIAPIN1	SCAND1	1	1	1	1
CIAPIN1	THAP11	1	1	1	1
CIAPIN1	TMEM2	1	1	1	1
CIAPIN1	TSPAN6	1	1	1	1
CIRBP	BECN1	1	1	1	1
CIRBP	CAMSAP2	1	1	1	1
CIRBP	DHX29	1	1	1	1
CIRBP	ECD	1	1	1	1
CIRBP	IGHMBP2	1	1	1	1
CIRBP	ITFG1	1	1	1	1
CIRBP	MCOLN1	1	1	1	1
CIRBP	NRAS	1	1	1	1
CIRBP	PDHX	1	1	1	1
CIRBP	PTPRK	1	1	1	1
CIRBP	STK25	1	1	1	1
CIRBP	TIMELESS	1	1	1	1
CIRBP	TNIP1	1	1	1	1
CIRBP	TPM1	1	1	1	1
CIRBP	XPNPEP1	1	1	1	1
CIRBP	YTHDF1	1	1	1	1
CIRBP	ZMIZ1	1	1	1	1
CISD1	ACOT9	1	1	1	1
CISD1	ARID5B	1	1	1	1
CISD1	CASP3	1	1	1	1
CISD1	CERK	1	1	1	1
CISD1	CISD1	1	1	1	1
CISD1	DYNLT3	1	1	1	1
CISD1	EPB41L2	1	1	1	1
CISD1	ETFB	1	1	1	1
CISD1	HSPA4	1	1	1	1
CISD1	POLE2	1	1	1	1
CISD1	RAB11FIP2	1	1	1	1
CISD1	RAE1	1	1	1	1
CISD1	SENP6	1	1	1	1
CISD1	SH3BP5	1	1	1	1
CISD1	SPTLC2	1	1	1	1
CLIC4	CCP110	1	1	1	1
CLIC4	FOS	1	1	1	1
CLIC4	GNPDA1	1	1	1	1
CLIC4	LAP3	1	1	1	1
CLIC4	RBM15B	1	1	1	1
CLIC4	STMN1	1	1	1	1
CLIC4	TIMM9	1	1	1	1
CLIC4	WRB	1	1	1	1
CLPX	AGL	1	1	1	1
CLPX	ATP11B	1	1	1	1
CLPX	DDR1	1	1	1	1
CLPX	DNAJA3	1	1	1	1
CLPX	EBNA1BP2	1	1	1	1
CLPX	EML3	1	1	1	1
CLPX	GATA2	1	1	1	1
CLPX	MYO10	1	1	1	1
CLPX	NIPSNAP1	1	1	1	1
CLPX	P4HA2	1	1	1	1
CLPX	PLEKHM1	1	1	1	1
CLPX	POLR1C	1	1	1	1
CLPX	RAB27A	1	1	1	1
CLPX	RAB31	1	1	1	1
CLPX	RRAGA	1	1	1	1
CLPX	SCYL3	1	1	1	1
CLPX	SMARCD2	1	1	1	1
CLPX	ZNF131	1	1	1	1
CLSTN1	AURKA	1	1	1	1
CLSTN1	ETFB	1	1	1	1
CLSTN1	GTF2E2	1	1	1	1
CLSTN1	HMG20B	1	1	1	1
CLSTN1	KLHDC2	1	1	1	1
CLSTN1	NOLC1	1	1	1	1
CLSTN1	PAFAH1B1	1	1	1	1
CLSTN1	POLD4	1	1	1	1
CLSTN1	PPP2R3C	1	1	1	1
CLSTN1	RNPS1	1	1	1	1
CLSTN1	RSU1	1	1	1	1
CLSTN1	TIMP2	1	1	1	1
CLSTN1	TXNDC9	1	1	1	1
CLSTN1	VGLL4	1	1	1	1
CLTB	BLMH	1	1	1	1
CLTB	CHEK2	1	1	1	1
CLTB	CLIC4	1	1	1	1
CLTB	DNAJB2	1	1	1	1
CLTB	FOXJ3	1	1	1	1
CLTB	GPC1	1	1	1	1
CLTB	HAT1	1	1	1	1
CLTB	MAPKAPK5	1	1	1	1
CLTB	NMT1	1	1	1	1
CLTB	NRIP1	1	1	1	1
CLTB	RELB	1	1	1	1
CLTB	SMARCD2	1	1	1	1
CLTB	SOX4	1	1	1	1
CLTB	TXNRD1	1	1	1	1
CLTB	VAV3	1	1	1	1
CNDP2	ALAS1	1	1	1	1
CNDP2	ASCC3	1	1	1	1
CNDP2	BAMBI	1	1	1	1
CNDP2	DHDDS	1	1	1	1
CNDP2	GTF2A2	1	1	1	1
CNDP2	HOOK2	1	1	1	1
CNDP2	HPRT1	1	1	1	1
CNDP2	HS2ST1	1	1	1	1
CNDP2	MSH6	1	1	1	1
CNDP2	PSIP1	1	1	1	1
CNDP2	RRS1	1	1	1	1
CNDP2	SPEN	1	1	1	1
CNDP2	TJP1	1	1	1	1
CNDP2	TMCO1	1	1	1	1
CNDP2	TMEM2	1	1	1	1
CNDP2	TRIB3	1	1	1	1
CNDP2	TSPAN4	1	1	1	1
CNOT4	CTSD	1	1	1	1
CNOT4	FDFT1	1	1	1	1
CNOT4	GTPBP8	1	1	1	1
CNOT4	HTATSF1	1	1	1	1
CNOT4	LSM6	1	1	1	1
CNOT4	MTF2	1	1	1	1
CNOT4	PECR	1	1	1	1
CNOT4	RAB11FIP2	1	1	1	1
CNOT4	RPP38	1	1	1	1
CNOT4	SMARCD2	1	1	1	1
CNOT4	SPTLC2	1	1	1	1
CNOT4	TMEM50A	1	1	1	1
CNOT4	UBR7	1	1	1	1
CNPY3	ARHGEF2	1	1	1	1
CNPY3	AURKA	1	1	1	1
CNPY3	CHAC1	1	1	1	1
CNPY3	CLTB	1	1	1	1
CNPY3	DENND2D	1	1	1	1
CNPY3	FAM69A	1	1	1	1
CNPY3	GNA11	1	1	1	1
CNPY3	HN1L	1	1	1	1
CNPY3	KDELR2	1	1	1	1
CNPY3	LRPAP1	1	1	1	1
CNPY3	LYN	1	1	1	1
CNPY3	LYPLA1	1	1	1	1
CNPY3	NISCH	1	1	1	1
CNPY3	RFC5	1	1	1	1
CNPY3	TARBP1	1	1	1	1
CNPY3	TJP1	1	1	1	1
CNPY3	WASF3	1	1	1	1
CNPY3	YTHDF1	1	1	1	1
COASY	BHLHE40	1	1	1	1
COASY	CNOT4	1	1	1	1
COASY	DERA	1	1	1	1
COASY	DMTF1	1	1	1	1
COASY	DSG2	1	1	1	1
COASY	GNAI2	1	1	1	1
COASY	NPC1	1	1	1	1
COASY	RAE1	1	1	1	1
COASY	REEP5	1	1	1	1
COASY	TRIB3	1	1	1	1
COASY	UGDH	1	1	1	1
COG2	ARFIP2	1	1	1	1
COG2	BCL7B	1	1	1	1
COG2	CALU	1	1	1	1
COG2	DHX29	1	1	1	1
COG2	EBNA1BP2	1	1	1	1
COG2	FOXJ3	1	1	1	1
COG2	HMGCS1	1	1	1	1
COG2	MFSD10	1	1	1	1
COG2	PTK2	1	1	1	1
COG2	PTPN12	1	1	1	1
COG2	SKIV2L	1	1	1	1
COG2	TCEA2	1	1	1	1
COG2	TMEM97	1	1	1	1
COG4	ACBD3	1	1	1	1
COG4	ANO10	1	1	1	1
COG4	BAD	1	1	1	1
COG4	CALU	1	1	1	1
COG4	CLPX	1	1	1	1
COG4	ELAC2	1	1	1	1
COG4	GDPD5	1	1	1	1
COG4	GPC1	1	1	1	1
COG4	PPP2R5A	1	1	1	1
COG4	SCRN1	1	1	1	1
COG4	SH3BP5	1	1	1	1
COG4	STUB1	1	1	1	1
COG4	TARBP1	1	1	1	1
COG4	TRIM13	1	1	1	1
COG7	AKR7A2	1	1	1	1
COG7	ASCC3	1	1	1	1
COG7	ATP6V1D	1	1	1	1
COG7	CD44	1	1	1	1
COG7	CIAPIN1	1	1	1	1
COG7	COG4	1	1	1	1
COG7	CREB1	1	1	1	1
COG7	CSNK2A2	1	1	1	1
COG7	CXCR4	1	1	1	1
COG7	DNAJB2	1	1	1	1
COG7	DNM1	1	1	1	1
COG7	G3BP1	1	1	1	1
COG7	GATA3	1	1	1	1
COG7	GNB5	1	1	1	1
COG7	IKBKAP	1	1	1	1
COG7	ITGAE	1	1	1	1
COG7	JMJD6	1	1	1	1
COG7	KAT6B	1	1	1	1
COG7	KLHDC2	1	1	1	1
COG7	LGALS8	1	1	1	1
COG7	ME2	1	1	1	1
COG7	MSRA	1	1	1	1
COG7	NARFL	1	1	1	1
COG7	NR3C1	1	1	1	1
COG7	OXSR1	1	1	1	1
COG7	PAN2	1	1	1	1
COG7	PCK2	1	1	1	1
COG7	PRCP	1	1	1	1
COG7	RBKS	1	1	1	1
COG7	RELB	1	1	1	1
COG7	RNH1	1	1	1	1
COG7	SESN1	1	1	1	1
COG7	SSBP2	1	1	1	1
COG7	SYNE2	1	1	1	1
COG7	TLE1	1	1	1	1
COG7	TRIB1	1	1	1	1
COG7	TSC22D3	1	1	1	1
COG7	TSKU	1	1	1	1
COG7	WFS1	1	1	1	1
COPB2	ACAT2	1	1	1	1
COPB2	ANO10	1	1	1	1
COPB2	BCL2	1	1	1	1
COPB2	BID	1	1	1	1
COPB2	CIRBP	1	1	1	1
COPB2	DNM1	1	1	1	1
COPB2	DYRK3	1	1	1	1
COPB2	ENOSF1	1	1	1	1
COPB2	EVL	1	1	1	1
COPB2	EZH2	1	1	1	1
COPB2	GLOD4	1	1	1	1
COPB2	HOMER2	1	1	1	1
COPB2	MAMLD1	1	1	1	1
COPB2	MICALL1	1	1	1	1
COPB2	NUP62	1	1	1	1
COPB2	NUP88	1	1	1	1
COPB2	P4HTM	1	1	1	1
COPB2	PCK2	1	1	1	1
COPB2	PMM2	1	1	1	1
COPB2	PPOX	1	1	1	1
COPB2	PRAF2	1	1	1	1
COPB2	PSMD10	1	1	1	1
COPB2	RAI14	1	1	1	1
COPB2	SUPV3L1	1	1	1	1
COPB2	TRIM2	1	1	1	1
COPS7A	RBKS	1	1	1	1
COPS7A	TXNRD1	1	1	1	1
COPS7A	UBQLN2	1	1	1	1
COPS7A	VAV3	1	1	1	1
COPS7A	WRB	1	1	1	1
CORO1A	AARS	1	1	1	1
CORO1A	ATP6V0B	1	1	1	1
CORO1A	DNAJB2	1	1	1	1
CORO1A	IGHMBP2	1	1	1	1
CORO1A	NCAPD2	1	1	1	1
CORO1A	NUCB2	1	1	1	1
CORO1A	PWP1	1	1	1	1
CORO1A	RAB27A	1	1	1	1
CORO1A	SMC4	1	1	1	1
CORO1A	UBE2A	1	1	1	1
CPNE3	ADH5	1	1	1	1
CPNE3	CFLAR	1	1	1	1
CPNE3	CIRBP	1	1	1	1
CPNE3	CSNK2A2	1	1	1	1
CPNE3	DNTTIP2	1	1	1	1
CPNE3	FBXO21	1	1	1	1
CPNE3	KIF14	1	1	1	1
CPNE3	NIT1	1	1	1	1
CPNE3	REEP5	1	1	1	1
CPNE3	RFX5	1	1	1	1
CPNE3	SLC2A6	1	1	1	1
CPNE3	TLE1	1	1	1	1
CPNE3	TMEM2	1	1	1	1
CPNE3	TRAM2	1	1	1	1
CPNE3	TSKU	1	1	1	1
CPNE3	ZNF131	1	1	1	1
CPSF4	ALDOC	1	1	1	1
CPSF4	CAT	1	1	1	1
CPSF4	CCNF	1	1	1	1
CPSF4	CHMP6	1	1	1	1
CPSF4	FKBP4	1	1	1	1
CPSF4	GRB10	1	1	1	1
CPSF4	NVL	1	1	1	1
CPSF4	PRCP	1	1	1	1
CPSF4	PYGL	1	1	1	1
CPSF4	SCCPDH	1	1	1	1
CPSF4	SCP2	1	1	1	1
CPSF4	TRAPPC6A	1	1	1	1
CPSF4	TXLNA	1	1	1	1
CPSF4	USP6NL	1	1	1	1
CREB1	ADAM10	1	1	1	1
CREB1	ATP6V1D	1	1	1	1
CREB1	COG2	1	1	1	1
CREB1	DNM1	1	1	1	1
CREB1	DSG2	1	1	1	1
CREB1	GATA2	1	1	1	1
CREB1	GFOD1	1	1	1	1
CREB1	HMGCS1	1	1	1	1
CREB1	KIF5C	1	1	1	1
CREB1	MYC	1	1	1	1
CREB1	NRIP1	1	1	1	1
CREB1	NT5DC2	1	1	1	1
CREB1	NVL	1	1	1	1
CREB1	PDIA5	1	1	1	1
CREB1	POLB	1	1	1	1
CREB1	POLR2K	1	1	1	1
CREB1	PYCR1	1	1	1	1
CREB1	RSU1	1	1	1	1
CREB1	ST7	1	1	1	1
CREB1	STK25	1	1	1	1
CREB1	TRIB3	1	1	1	1
CREG1	ADAM10	1	1	1	1
CREG1	ADCK3	1	1	1	1
CREG1	ADH5	1	1	1	1
CREG1	ALAS1	1	1	1	1
CREG1	AURKB	1	1	1	1
CREG1	CAT	1	1	1	1
CREG1	CDC45	1	1	1	1
CREG1	CENPE	1	1	1	1
CREG1	CREG1	1	1	1	1
CREG1	DDX42	1	1	1	1
CREG1	DNM1	1	1	1	1
CREG1	FAT1	1	1	1	1
CREG1	GAA	1	1	1	1
CREG1	GPATCH8	1	1	1	1
CREG1	HSD17B11	1	1	1	1
CREG1	IKBKAP	1	1	1	1
CREG1	IKBKE	1	1	1	1
CREG1	IL4R	1	1	1	1
CREG1	KIAA1033	1	1	1	1
CREG1	KIF20A	1	1	1	1
CREG1	NMT1	1	1	1	1
CREG1	NOSIP	1	1	1	1
CREG1	PAPD7	1	1	1	1
CREG1	PDIA5	1	1	1	1
CREG1	PLA2G15	1	1	1	1
CREG1	PPIE	1	1	1	1
CREG1	PRR15L	1	1	1	1
CREG1	RFX5	1	1	1	1
CREG1	RNF167	1	1	1	1
CREG1	SCYL3	1	1	1	1
CREG1	SESN1	1	1	1	1
CREG1	SPAG7	1	1	1	1
CREG1	TBC1D9B	1	1	1	1
CREG1	TBXA2R	1	1	1	1
CREG1	TIAM1	1	1	1	1
CREG1	TNFRSF21	1	1	1	1
CREG1	USP22	1	1	1	1
CREG1	USP6NL	1	1	1	1
CREG1	WFS1	1	1	1	1
CREG1	ZW10	1	1	1	1
CRELD2	ATP11B	1	1	1	1
CRELD2	ATP6V0B	1	1	1	1
CRELD2	CALU	1	1	1	1
CRELD2	CBR1	1	1	1	1
CRELD2	DLD	1	1	1	1
CRELD2	ITGAE	1	1	1	1
CRELD2	KIAA0907	1	1	1	1
CRELD2	LGALS8	1	1	1	1
CRELD2	RAD9A	1	1	1	1
CRELD2	SMNDC1	1	1	1	1
CRELD2	SOCS2	1	1	1	1
CRELD2	STX4	1	1	1	1
CRELD2	TCFL5	1	1	1	1
CRELD2	TEX10	1	1	1	1
CRELD2	UBR7	1	1	1	1
CRELD2	WDTC1	1	1	1	1
CRKL	ABL1	1	1	1	1
CRKL	ALAS1	1	1	1	1
CRKL	ARL4C	1	1	1	1
CRKL	CPSF4	1	1	1	1
CRKL	FBXO7	1	1	1	1
CRKL	FKBP4	1	1	1	1
CRKL	GAPDH	1	1	1	1
CRKL	HADH	1	1	1	1
CRKL	HDAC6	1	1	1	1
CRKL	ID2	1	1	1	1
CRKL	LGALS8	1	1	1	1
CRKL	LRPAP1	1	1	1	1
CRKL	MBOAT7	1	1	1	1
CRKL	NIT1	1	1	1	1
CRKL	NUSAP1	1	1	1	1
CRKL	PDHX	1	1	1	1
CRKL	PDS5A	1	1	1	1
CRKL	RPA1	1	1	1	1
CRKL	SLC25A14	1	1	1	1
CRKL	SMC4	1	1	1	1
CRKL	UFM1	1	1	1	1
CRKL	VPS72	1	1	1	1
CRKL	WFS1	1	1	1	1
CRKL	XPO7	1	1	1	1
CRTAP	ARFIP2	1	1	1	1
CRTAP	ARID5B	1	1	1	1
CRTAP	CAST	1	1	1	1
CRTAP	CETN3	1	1	1	1
CRTAP	CTNND1	1	1	1	1
CRTAP	CXCR4	1	1	1	1
CRTAP	DDX42	1	1	1	1
CRTAP	DENND2D	1	1	1	1
CRTAP	ENOSF1	1	1	1	1
CRTAP	GRB10	1	1	1	1
CRTAP	PTPN1	1	1	1	1
CRTAP	RFC2	1	1	1	1
CRTAP	SCP2	1	1	1	1
CRTAP	SSBP2	1	1	1	1
CRTAP	ZNF586	1	1	1	1
CRYZ	BNIP3	1	1	1	1
CRYZ	CANT1	1	1	1	1
CRYZ	CD97	1	1	1	1
CRYZ	CIAPIN1	1	1	1	1
CRYZ	DDIT4	1	1	1	1
CRYZ	FBXO21	1	1	1	1
CRYZ	JUN	1	1	1	1
CRYZ	KDM5A	1	1	1	1
CRYZ	LBR	1	1	1	1
CRYZ	NMT1	1	1	1	1
CRYZ	NUP85	1	1	1	1
CRYZ	RFX5	1	1	1	1
CRYZ	RNMT	1	1	1	1
CRYZ	RPL39L	1	1	1	1
CRYZ	SPTLC2	1	1	1	1
CRYZ	TWF2	1	1	1	1
CRYZ	USP7	1	1	1	1
CSK	ATP11B	1	1	1	1
CSK	ATP2C1	1	1	1	1
CSK	CD44	1	1	1	1
CSK	CDH3	1	1	1	1
CSK	CENPE	1	1	1	1
CSK	DNM1	1	1	1	1
CSK	FAH	1	1	1	1
CSK	GATA2	1	1	1	1
CSK	KIF20A	1	1	1	1
CSK	ST6GALNAC2	1	1	1	1
CSK	STK25	1	1	1	1
CSNK2A2	BCL7B	1	1	1	1
CSNK2A2	CDKN1A	1	1	1	1
CSNK2A2	EBNA1BP2	1	1	1	1
CSNK2A2	ECH1	1	1	1	1
CSNK2A2	ELAC2	1	1	1	1
CSNK2A2	ELOVL6	1	1	1	1
CSNK2A2	LYRM1	1	1	1	1
CSNK2A2	MYBL2	1	1	1	1
CSNK2A2	PDLIM1	1	1	1	1
CSNK2A2	PYCR1	1	1	1	1
CSNK2A2	SUPV3L1	1	1	1	1
CSNK2A2	TMEM50A	1	1	1	1
CSNK2A2	TRAP1	1	1	1	1
CSNK2A2	TSC22D3	1	1	1	1
CSNK2A2	TXNDC9	1	1	1	1
CSNK2A2	UFM1	1	1	1	1
CSRP1	ABHD4	1	1	1	1
CSRP1	ANXA7	1	1	1	1
CSRP1	FBXL12	1	1	1	1
CSRP1	MRPS2	1	1	1	1
CSRP1	NIPSNAP1	1	1	1	1
CSRP1	SCYL3	1	1	1	1
CSRP1	SLC25A46	1	1	1	1
CSRP1	SMAD3	1	1	1	1
CSRP1	XPNPEP1	1	1	1	1
CTNNAL1	CSRP1	1	1	1	1
CTNNAL1	DNTTIP2	1	1	1	1
CTNNAL1	ERBB2	1	1	1	1
CTNNAL1	MACF1	1	1	1	1
CTNNAL1	MAPKAPK5	1	1	1	1
CTNNAL1	MTA1	1	1	1	1
CTNNAL1	NR2F6	1	1	1	1
CTNNAL1	PDLIM1	1	1	1	1
CTNNAL1	RBKS	1	1	1	1
CTNNAL1	SLC2A6	1	1	1	1
CTNNAL1	UBE2J1	1	1	1	1
CTNNAL1	VPS28	1	1	1	1
CTNND1	CASC3	1	1	1	1
CTNND1	CERK	1	1	1	1
CTNND1	EIF5	1	1	1	1
CTNND1	ELOVL6	1	1	1	1
CTNND1	GTPBP8	1	1	1	1
CTNND1	RFX5	1	1	1	1
CTNND1	TBC1D9B	1	1	1	1
CTNND1	TWF2	1	1	1	1
CTNND1	YKT6	1	1	1	1
CTSD	AKR7A2	1	1	1	1
CTSD	ALDOC	1	1	1	1
CTSD	CD58	1	1	1	1
CTSD	DDX10	1	1	1	1
CTSD	FEZ2	1	1	1	1
CTSD	FKBP14	1	1	1	1
CTSD	KEAP1	1	1	1	1
CTSD	MRPL19	1	1	1	1
CTSD	PAF1	1	1	1	1
CTSD	STK25	1	1	1	1
CTTN	AARS	1	1	1	1
CTTN	ADI1	1	1	1	1
CTTN	CLTB	1	1	1	1
CTTN	CSK	1	1	1	1
CTTN	DCUN1D4	1	1	1	1
CTTN	FOS	1	1	1	1
CTTN	LRPAP1	1	1	1	1
CTTN	MSH6	1	1	1	1
CTTN	NOSIP	1	1	1	1
CTTN	REEP5	1	1	1	1
CTTN	RRP1B	1	1	1	1
CTTN	RSU1	1	1	1	1
CTTN	SLC35B1	1	1	1	1
CTTN	SUPV3L1	1	1	1	1
CTTN	TCTN1	1	1	1	1
CTTN	TNFRSF21	1	1	1	1
CTTN	VGLL4	1	1	1	1
CTTN	WDR7	1	1	1	1
CXCR4	ARHGAP1	1	1	1	1
CXCR4	BZW2	1	1	1	1
CXCR4	CORO1A	1	1	1	1
CXCR4	DNAJB6	1	1	1	1
CXCR4	HYOU1	1	1	1	1
CXCR4	KLHL9	1	1	1	1
CXCR4	LGALS8	1	1	1	1
CXCR4	MAPK13	1	1	1	1
CXCR4	MTF2	1	1	1	1
CXCR4	POLE2	1	1	1	1
CXCR4	SDHB	1	1	1	1
CXCR4	SENP6	1	1	1	1
CXCR4	TFAP2A	1	1	1	1
CXCR4	TMEM97	1	1	1	1
CXCR4	TRIB3	1	1	1	1
CXCR4	TSTA3	1	1	1	1
CYB561	CNDP2	1	1	1	1
CYB561	CXCR4	1	1	1	1
CYB561	DHX29	1	1	1	1
CYB561	FHL2	1	1	1	1
CYB561	KCNK1	1	1	1	1
CYB561	LIPA	1	1	1	1
CYB561	LYPLA1	1	1	1	1
CYB561	MYBL2	1	1	1	1
CYB561	NCAPD2	1	1	1	1
CYB561	NUDCD3	1	1	1	1
CYB561	P4HTM	1	1	1	1
CYB561	PRKACA	1	1	1	1
CYB561	RELB	1	1	1	1
CYB561	RNH1	1	1	1	1
CYTH1	ADO	1	1	1	1
CYTH1	CGRRF1	1	1	1	1
CYTH1	HYOU1	1	1	1	1
CYTH1	KCTD5	1	1	1	1
CYTH1	KIAA0907	1	1	1	1
CYTH1	LSM5	1	1	1	1
CYTH1	MCM3	1	1	1	1
CYTH1	NCOA3	1	1	1	1
CYTH1	PAFAH1B1	1	1	1	1
CYTH1	POLR2I	1	1	1	1
CYTH1	PRUNE	1	1	1	1
CYTH1	PTPRF	1	1	1	1
CYTH1	RBM6	1	1	1	1
CYTH1	TRIB1	1	1	1	1
CYTH1	VAPB	1	1	1	1
DCK	ATP1B1	1	1	1	1
DCK	BCL7B	1	1	1	1
DCK	BLMH	1	1	1	1
DCK	CNOT4	1	1	1	1
DCK	COG2	1	1	1	1
DCK	DHX29	1	1	1	1
DCK	ECH1	1	1	1	1
DCK	ELAC2	1	1	1	1
DCK	ENOPH1	1	1	1	1
DCK	FAM69A	1	1	1	1
DCK	FBXO21	1	1	1	1
DCK	FPGS	1	1	1	1
DCK	HES1	1	1	1	1
DCK	HIST2H2BE	1	1	1	1
DCK	HOMER2	1	1	1	1
DCK	HOXA5	1	1	1	1
DCK	IQGAP1	1	1	1	1
DCK	KAT6A	1	1	1	1
DCK	MAP7	1	1	1	1
DCK	MAPK13	1	1	1	1
DCK	METRN	1	1	1	1
DCK	MSRA	1	1	1	1
DCK	NIT1	1	1	1	1
DCK	NUP93	1	1	1	1
DCK	PCMT1	1	1	1	1
DCK	PLEKHM1	1	1	1	1
DCK	PRCP	1	1	1	1
DCK	RAB4A	1	1	1	1
DCK	RBKS	1	1	1	1
DCK	REEP5	1	1	1	1
DCK	RGS2	1	1	1	1
DCK	SHB	1	1	1	1
DCK	STK10	1	1	1	1
DCK	TMEM109	1	1	1	1
DCK	UBE2J1	1	1	1	1
DCTD	AKR7A2	1	1	1	1
DCTD	ARHGAP1	1	1	1	1
DCTD	BCL7B	1	1	1	1
DCTD	DNMT1	1	1	1	1
DCTD	GDPD5	1	1	1	1
DCTD	ID2	1	1	1	1
DCTD	IDE	1	1	1	1
DCTD	MELK	1	1	1	1
DCTD	MSH6	1	1	1	1
DCTD	NFIL3	1	1	1	1
DCTD	PPIE	1	1	1	1
DCTD	SPTLC2	1	1	1	1
DCTD	TBPL1	1	1	1	1
DCTD	TIMM17B	1	1	1	1
DCTD	TRIM13	1	1	1	1
DCTD	VAV3	1	1	1	1
DCTD	WDTC1	1	1	1	1
DCUN1D4	ABL1	1	1	1	1
DCUN1D4	ARID5B	1	1	1	1
DCUN1D4	BCL2	1	1	1	1
DCUN1D4	BUB1B	1	1	1	1
DCUN1D4	CFLAR	1	1	1	1
DCUN1D4	DNAJB2	1	1	1	1
DCUN1D4	EBNA1BP2	1	1	1	1
DCUN1D4	EBP	1	1	1	1
DCUN1D4	FAM63A	1	1	1	1
DCUN1D4	FOS	1	1	1	1
DCUN1D4	HK1	1	1	1	1
DCUN1D4	IKBKE	1	1	1	1
DCUN1D4	KIAA0100	1	1	1	1
DCUN1D4	LIG1	1	1	1	1
DCUN1D4	MALT1	1	1	1	1
DCUN1D4	ME2	1	1	1	1
DCUN1D4	MELK	1	1	1	1
DCUN1D4	NT5DC2	1	1	1	1
DCUN1D4	PLA2G15	1	1	1	1
DCUN1D4	PMAIP1	1	1	1	1
DCUN1D4	SLC11A2	1	1	1	1
DCUN1D4	ST7	1	1	1	1
DCUN1D4	SYNE2	1	1	1	1
DCUN1D4	ZNF274	1	1	1	1
DDB2	AARS	1	1	1	1
DDB2	BCL7B	1	1	1	1
DDB2	BZW2	1	1	1	1
DDB2	CETN3	1	1	1	1
DDB2	CREB1	1	1	1	1
DDB2	FCHO1	1	1	1	1
DDB2	LRP10	1	1	1	1
DDB2	LSR	1	1	1	1
DDB2	NIPSNAP1	1	1	1	1
DDB2	NUCB2	1	1	1	1
DDB2	PAN2	1	1	1	1
DDB2	PHKB	1	1	1	1
DDB2	RPS6KA1	1	1	1	1
DDB2	TBPL1	1	1	1	1
DDB2	TOR1A	1	1	1	1
DDIT4	AKT1	1	1	1	1
DDIT4	ASCC3	1	1	1	1
DDIT4	CRYZ	1	1	1	1
DDIT4	DHX29	1	1	1	1
DDIT4	DYNLT3	1	1	1	1
DDIT4	EGFR	1	1	1	1
DDIT4	FASTKD5	1	1	1	1
DDIT4	FSD1	1	1	1	1
DDIT4	GATA3	1	1	1	1
DDIT4	KIAA0753	1	1	1	1
DDIT4	LSM6	1	1	1	1
DDIT4	MTHFD2	1	1	1	1
DDIT4	NR3C1	1	1	1	1
DDIT4	RAD51C	1	1	1	1
DDIT4	RNF167	1	1	1	1
DDIT4	UBE2C	1	1	1	1
DDIT4	ZNF589	1	1	1	1
DDR1	APPBP2	1	1	1	1
DDR1	ATP2C1	1	1	1	1
DDR1	CDC45	1	1	1	1
DDR1	ERBB2	1	1	1	1
DDR1	FIS1	1	1	1	1
DDR1	GPC1	1	1	1	1
DDR1	IARS2	1	1	1	1
DDR1	ISOC1	1	1	1	1
DDR1	NENF	1	1	1	1
DDR1	PHGDH	1	1	1	1
DDR1	SENP6	1	1	1	1
DDR1	SLC35A1	1	1	1	1
DDR1	SQRDL	1	1	1	1
DDR1	VPS72	1	1	1	1
DDX10	CCNA2	1	1	1	1
DDX10	DHX29	1	1	1	1
DDX10	DNM1	1	1	1	1
DDX10	HN1L	1	1	1	1
DDX10	IPO13	1	1	1	1
DDX10	ISOC1	1	1	1	1
DDX10	KDM3A	1	1	1	1
DDX10	LIG1	1	1	1	1
DDX10	PAPD7	1	1	1	1
DDX10	PIH1D1	1	1	1	1
DDX10	PUF60	1	1	1	1
DDX10	STX1A	1	1	1	1
DDX10	TFAP2A	1	1	1	1
DDX10	TIMM17B	1	1	1	1
DDX42	BLVRA	1	1	1	1
DDX42	CANT1	1	1	1	1
DDX42	CPNE3	1	1	1	1
DDX42	EBNA1BP2	1	1	1	1
DDX42	POLB	1	1	1	1
DDX42	STAMBP	1	1	1	1
DECR1	BID	1	1	1	1
DECR1	CLIC4	1	1	1	1
DECR1	COG7	1	1	1	1
DECR1	DMTF1	1	1	1	1
DECR1	ECD	1	1	1	1
DECR1	INSIG1	1	1	1	1
DECR1	KIAA0100	1	1	1	1
DECR1	KIAA0753	1	1	1	1
DECR1	LSM5	1	1	1	1
DECR1	MBOAT7	1	1	1	1
DECR1	PHGDH	1	1	1	1
DECR1	PPP2R5A	1	1	1	1
DECR1	SCRN1	1	1	1	1
DECR1	SH3BP5	1	1	1	1
DECR1	STX1A	1	1	1	1
DECR1	TIAM1	1	1	1	1
DECR1	WFS1	1	1	1	1
DECR1	YTHDF1	1	1	1	1
DENND2D	ADCK3	1	1	1	1
DENND2D	CLPX	1	1	1	1
DENND2D	DNAJB1	1	1	1	1
DENND2D	HS2ST1	1	1	1	1
DENND2D	LSM6	1	1	1	1
DENND2D	MBTPS1	1	1	1	1
DENND2D	SLC25A13	1	1	1	1
DENND2D	TARBP1	1	1	1	1
DENND2D	TIMP2	1	1	1	1
DENND2D	TM9SF2	1	1	1	1
DENND2D	TP53BP2	1	1	1	1
DERA	BAMBI	1	1	1	1
DERA	GNA11	1	1	1	1
DERA	HOXA10	1	1	1	1
DERA	MCM3	1	1	1	1
DERA	PCM1	1	1	1	1
DERA	S100A4	1	1	1	1
DHDDS	CYTH1	1	1	1	1
DHDDS	NR2F6	1	1	1	1
DHDDS	NUP85	1	1	1	1
DHDDS	POLB	1	1	1	1
DHDDS	PTK2	1	1	1	1
DHDDS	RBM6	1	1	1	1
DHDDS	RFX5	1	1	1	1
DHDDS	SNX11	1	1	1	1
DHDDS	TARBP1	1	1	1	1
DHDDS	TBX2	1	1	1	1
DHDDS	TERF2IP	1	1	1	1
DHRS7	ACOT9	1	1	1	1
DHRS7	CHN1	1	1	1	1
DHRS7	CRELD2	1	1	1	1
DHRS7	DNAJB6	1	1	1	1
DHRS7	DUSP11	1	1	1	1
DHRS7	DUSP14	1	1	1	1
DHRS7	EDEM1	1	1	1	1
DHRS7	ELAC2	1	1	1	1
DHRS7	FAH	1	1	1	1
DHRS7	FAM20B	1	1	1	1
DHRS7	GAPDH	1	1	1	1
DHRS7	GLRX	1	1	1	1
DHRS7	KTN1	1	1	1	1
DHRS7	LAGE3	1	1	1	1
DHRS7	LIG1	1	1	1	1
DHRS7	LSR	1	1	1	1
DHRS7	MSRA	1	1	1	1
DHRS7	NPC1	1	1	1	1
DHRS7	NVL	1	1	1	1
DHRS7	RAP1GAP	1	1	1	1
DHRS7	RPN1	1	1	1	1
DHRS7	RUVBL1	1	1	1	1
DHRS7	SKIV2L	1	1	1	1
DHRS7	TBPL1	1	1	1	1
DHRS7	TRAP1	1	1	1	1
DHRS7	WASF3	1	1	1	1
DHX29	ARID4B	1	1	1	1
DHX29	CFLAR	1	1	1	1
DHX29	DNTTIP2	1	1	1	1
DHX29	FBXO7	1	1	1	1
DHX29	GADD45B	1	1	1	1
DHX29	LSM6	1	1	1	1
DHX29	NIT1	1	1	1	1
DHX29	NUCB2	1	1	1	1
DHX29	PAPD7	1	1	1	1
DHX29	RPA2	1	1	1	1
DHX29	RPIA	1	1	1	1
DHX29	TCEA2	1	1	1	1
DHX29	TMEM2	1	1	1	1
DHX29	TRAPPC6A	1	1	1	1
DHX29	YKT6	1	1	1	1
DHX29	ZNF131	1	1	1	1
DLD	ABHD6	1	1	1	1
DLD	CALU	1	1	1	1
DLD	CCDC92	1	1	1	1
DLD	CCNF	1	1	1	1
DLD	CIRBP	1	1	1	1
DLD	CLIC4	1	1	1	1
DLD	COPB2	1	1	1	1
DLD	FAIM	1	1	1	1
DLD	FSD1	1	1	1	1
DLD	FUT1	1	1	1	1
DLD	HSD17B11	1	1	1	1
DLD	ITGB1BP1	1	1	1	1
DLD	KAT6A	1	1	1	1
DLD	NISCH	1	1	1	1
DLD	NUDT9	1	1	1	1
DLD	ORC1	1	1	1	1
DLD	OXA1L	1	1	1	1
DLD	PEX11A	1	1	1	1
DLD	POLR2I	1	1	1	1
DLD	PTPN12	1	1	1	1
DLD	STK10	1	1	1	1
DLD	STXBP2	1	1	1	1
DLD	TRAPPC3	1	1	1	1
DLD	TRIM13	1	1	1	1
DLD	TSPAN4	1	1	1	1
DLD	UGDH	1	1	1	1
DLD	YME1L1	1	1	1	1
DMTF1	ADO	1	1	1	1
DMTF1	AKT1	1	1	1	1
DMTF1	BCL2	1	1	1	1
DMTF1	BLMH	1	1	1	1
DMTF1	CALU	1	1	1	1
DMTF1	DRAP1	1	1	1	1
DMTF1	ERBB3	1	1	1	1
DMTF1	FAM69A	1	1	1	1
DMTF1	LOXL1	1	1	1	1
DMTF1	MAMLD1	1	1	1	1
DMTF1	ME2	1	1	1	1
DMTF1	NFE2L2	1	1	1	1
DMTF1	NR3C1	1	1	1	1
DMTF1	RAB27A	1	1	1	1
DMTF1	RNF167	1	1	1	1
DMTF1	SPRED2	1	1	1	1
DMTF1	TCTA	1	1	1	1
DMTF1	UGDH	1	1	1	1
DNAJA3	ARHGEF2	1	1	1	1
DNAJA3	BHLHE40	1	1	1	1
DNAJA3	CAPN1	1	1	1	1
DNAJA3	DECR1	1	1	1	1
DNAJA3	KAT6A	1	1	1	1
DNAJA3	KTN1	1	1	1	1
DNAJA3	LRPAP1	1	1	1	1
DNAJA3	LSR	1	1	1	1
DNAJA3	MTHFD2	1	1	1	1
DNAJA3	RPA1	1	1	1	1
DNAJA3	RPA3	1	1	1	1
DNAJA3	SSBP2	1	1	1	1
DNAJA3	STK25	1	1	1	1
DNAJA3	TSTA3	1	1	1	1
DNAJB1	BDH1	1	1	1	1
DNAJB1	CCDC85B	1	1	1	1
DNAJB1	COPS7A	1	1	1	1
DNAJB1	DCUN1D4	1	1	1	1
DNAJB1	ECD	1	1	1	1
DNAJB1	ERBB2	1	1	1	1
DNAJB1	IER3	1	1	1	1
DNAJB1	MAP3K4	1	1	1	1
DNAJB1	PDIA5	1	1	1	1
DNAJB1	PHKG2	1	1	1	1
DNAJB1	RAD51C	1	1	1	1
DNAJB1	VAV3	1	1	1	1
DNAJB2	ABHD4	1	1	1	1
DNAJB2	ABL1	1	1	1	1
DNAJB2	ADO	1	1	1	1
DNAJB2	ARID5B	1	1	1	1
DNAJB2	ASCC3	1	1	1	1
DNAJB2	AURKA	1	1	1	1
DNAJB2	CCNB2	1	1	1	1
DNAJB2	CCNF	1	1	1	1
DNAJB2	CD320	1	1	1	1
DNAJB2	CD44	1	1	1	1
DNAJB2	DRAP1	1	1	1	1
DNAJB2	DYNLT3	1	1	1	1
DNAJB2	FAM69A	1	1	1	1
DNAJB2	FCHO1	1	1	1	1
DNAJB2	GRWD1	1	1	1	1
DNAJB2	HAT1	1	1	1	1
DNAJB2	HOOK2	1	1	1	1
DNAJB2	HOXA10	1	1	1	1
DNAJB2	HS2ST1	1	1	1	1
DNAJB2	ITFG1	1	1	1	1
DNAJB2	KCTD5	1	1	1	1
DNAJB2	KDELR2	1	1	1	1
DNAJB2	MAMLD1	1	1	1	1
DNAJB2	MBTPS1	1	1	1	1
DNAJB2	NIT1	1	1	1	1
DNAJB2	NUP85	1	1	1	1
DNAJB2	PCMT1	1	1	1	1
DNAJB2	PGRMC1	1	1	1	1
DNAJB2	PNKP	1	1	1	1
DNAJB2	POLD4	1	1	1	1
DNAJB2	PPIC	1	1	1	1
DNAJB2	PRPF4	1	1	1	1
DNAJB2	TOMM34	1	1	1	1
DNAJB2	TRIM2	1	1	1	1
DNAJB2	TUBB6	1	1	1	1
DNAJB2	USP1	1	1	1	1
DNAJB6	ADAT1	1	1	1	1
DNAJB6	BCL7B	1	1	1	1
DNAJB6	DDX10	1	1	1	1
DNAJB6	FEZ2	1	1	1	1
DNAJB6	GAA	1	1	1	1
DNAJB6	GRWD1	1	1	1	1
DNAJB6	INTS3	1	1	1	1
DNAJB6	P4HTM	1	1	1	1
DNAJB6	PARP2	1	1	1	1
DNAJB6	PIGB	1	1	1	1
DNAJB6	PRR15L	1	1	1	1
DNAJB6	RPL39L	1	1	1	1
DNAJB6	SDHB	1	1	1	1
DNAJB6	SLC35B1	1	1	1	1
DNAJB6	STK25	1	1	1	1
DNAJB6	TP53BP1	1	1	1	1
DNAJB6	TRIB1	1	1	1	1
DNAJB6	TRIM13	1	1	1	1
DNAJB6	TXNRD1	1	1	1	1
DNAJB6	YKT6	1	1	1	1
DNAJB6	ZNF131	1	1	1	1
DNAJC15	ANO10	1	1	1	1
DNAJC15	ARL4C	1	1	1	1
DNAJC15	ATP1B1	1	1	1	1
DNAJC15	DHDDS	1	1	1	1
DNAJC15	EBNA1BP2	1	1	1	1
DNAJC15	GRB10	1	1	1	1
DNAJC15	PDS5A	1	1	1	1
DNAJC15	SYNGR3	1	1	1	1
DNAJC15	TCEAL4	1	1	1	1
DNAJC15	TJP1	1	1	1	1
DNAJC15	TWF2	1	1	1	1
DNM1	ACAT2	1	1	1	1
DNM1	GNA11	1	1	1	1
DNM1	HDAC6	1	1	1	1
DNM1	MELK	1	1	1	1
DNM1	PARP2	1	1	1	1
DNM1	PRR7	1	1	1	1
DNM1	TIMELESS	1	1	1	1
DNM1	TLE1	1	1	1	1
DNM1L	ABHD4	1	1	1	1
DNM1L	CHAC1	1	1	1	1
DNM1L	COPS7A	1	1	1	1
DNM1L	DSG2	1	1	1	1
DNM1L	GMNN	1	1	1	1
DNM1L	MYC	1	1	1	1
DNM1L	NUDCD3	1	1	1	1
DNM1L	POLR2I	1	1	1	1
DNM1L	RAI14	1	1	1	1
DNM1L	RBM15B	1	1	1	1
DNM1L	REEP5	1	1	1	1
DNM1L	RRAGA	1	1	1	1
DNM1L	SLC35B1	1	1	1	1
DNM1L	SPEN	1	1	1	1
DNM1L	STXBP1	1	1	1	1
DNM1L	TSTA3	1	1	1	1
DNMT1	ADAM10	1	1	1	1
DNMT1	CREB1	1	1	1	1
DNMT1	ETFB	1	1	1	1
DNMT1	IGF2R	1	1	1	1
DNMT1	NENF	1	1	1	1
DNMT1	RRAGA	1	1	1	1
DNMT1	SLC2A6	1	1	1	1
DNTTIP2	DSG2	1	1	1	1
DNTTIP2	NOSIP	1	1	1	1
DNTTIP2	NR1H2	1	1	1	1
DNTTIP2	NR2F6	1	1	1	1
DNTTIP2	PGM1	1	1	1	1
DNTTIP2	PGRMC1	1	1	1	1
DNTTIP2	SOX4	1	1	1	1
DNTTIP2	XPO7	1	1	1	1
DPH2	ACAT2	1	1	1	1
DPH2	ADI1	1	1	1	1
DPH2	CD44	1	1	1	1
DPH2	CEBPD	1	1	1	1
DPH2	CENPE	1	1	1	1
DPH2	CRKL	1	1	1	1
DPH2	FOXO4	1	1	1	1
DPH2	KLHL21	1	1	1	1
DPH2	ME2	1	1	1	1
DPH2	PAFAH1B1	1	1	1	1
DPH2	SMC3	1	1	1	1
DPH2	STX1A	1	1	1	1
DRAP1	ANO10	1	1	1	1
DRAP1	GDPD5	1	1	1	1
DRAP1	IKBKE	1	1	1	1
DRAP1	ITGB5	1	1	1	1
DRAP1	PTPLAD1	1	1	1	1
DRAP1	RNH1	1	1	1	1
DRAP1	RPA3	1	1	1	1
DRAP1	SMC4	1	1	1	1
DRAP1	SYNGR3	1	1	1	1
DRAP1	TOMM70A	1	1	1	1
DSG2	CLSTN1	1	1	1	1
DSG2	CREB1	1	1	1	1
DSG2	CXCR4	1	1	1	1
DSG2	DECR1	1	1	1	1
DSG2	DLD	1	1	1	1
DSG2	ECH1	1	1	1	1
DSG2	HOMER2	1	1	1	1
DSG2	IKBKE	1	1	1	1
DSG2	MBNL1	1	1	1	1
DSG2	MRPS16	1	1	1	1
DSG2	NISCH	1	1	1	1
DSG2	NUSAP1	1	1	1	1
DSG2	PTK2	1	1	1	1
DSG2	RPP38	1	1	1	1
DUSP11	AMDHD2	1	1	1	1
DUSP11	CD58	1	1	1	1
DUSP11	DNM1	1	1	1	1
DUSP11	EVL	1	1	1	1
DUSP11	GRWD1	1	1	1	1
DUSP11	MBOAT7	1	1	1	1
DUSP11	PAF1	1	1	1	1
DUSP11	PTPRK	1	1	1	1
DUSP11	RGS2	1	1	1	1
DUSP11	RPP38	1	1	1	1
DUSP14	ATG3	1	1	1	1
DUSP14	ATP5S	1	1	1	1
DUSP14	BPHL	1	1	1	1
DUSP14	CANT1	1	1	1	1
DUSP14	DHX29	1	1	1	1
DUSP14	DNAJB2	1	1	1	1
DUSP14	GLRX	1	1	1	1
DUSP14	HN1L	1	1	1	1
DUSP14	INSIG1	1	1	1	1
DUSP14	KAT6B	1	1	1	1
DUSP14	NUP85	1	1	1	1
DUSP14	PCK2	1	1	1	1
DUSP14	SCARB1	1	1	1	1
DUSP14	SOCS2	1	1	1	1
DUSP22	ASCC3	1	1	1	1
DUSP22	BCL7B	1	1	1	1
DUSP22	BLVRA	1	1	1	1
DUSP22	DNM1	1	1	1	1
DUSP22	ENOPH1	1	1	1	1
DUSP22	ERBB2	1	1	1	1
DUSP22	EZH2	1	1	1	1
DUSP22	FASTKD5	1	1	1	1
DUSP22	FKBP4	1	1	1	1
DUSP22	HS2ST1	1	1	1	1
DUSP22	IKBKAP	1	1	1	1
DUSP22	KIAA0753	1	1	1	1
DUSP22	LAMA3	1	1	1	1
DUSP22	RNPS1	1	1	1	1
DUSP22	TM9SF2	1	1	1	1
DUSP22	TOR1A	1	1	1	1
DYNLT3	ANKRD10	1	1	1	1
DYNLT3	ATP6V0B	1	1	1	1
DYNLT3	B3GNT1	1	1	1	1
DYNLT3	COPS7A	1	1	1	1
DYNLT3	DYRK3	1	1	1	1
DYNLT3	FKBP4	1	1	1	1
DYNLT3	GNPDA1	1	1	1	1
DYNLT3	GRB10	1	1	1	1
DYNLT3	HMG20B	1	1	1	1
DYNLT3	HMGCS1	1	1	1	1
DYNLT3	LIPA	1	1	1	1
DYNLT3	MAPK9	1	1	1	1
DYNLT3	NCOA3	1	1	1	1
DYNLT3	NUSAP1	1	1	1	1
DYNLT3	VPS28	1	1	1	1
DYNLT3	ZMIZ1	1	1	1	1
DYRK3	ACAT2	1	1	1	1
DYRK3	ANO10	1	1	1	1
DYRK3	ARNT2	1	1	1	1
DYRK3	CASC3	1	1	1	1
DYRK3	CHN1	1	1	1	1
DYRK3	DDX10	1	1	1	1
DYRK3	DDX42	1	1	1	1
DYRK3	DRAP1	1	1	1	1
DYRK3	ENOPH1	1	1	1	1
DYRK3	FKBP4	1	1	1	1
DYRK3	GNB5	1	1	1	1
DYRK3	HES1	1	1	1	1
DYRK3	HOXA5	1	1	1	1
DYRK3	HS2ST1	1	1	1	1
DYRK3	KDELR2	1	1	1	1
DYRK3	KIAA0100	1	1	1	1
DYRK3	NARFL	1	1	1	1
DYRK3	NUCB2	1	1	1	1
DYRK3	PDS5A	1	1	1	1
DYRK3	PPIE	1	1	1	1
DYRK3	SCRN1	1	1	1	1
DYRK3	SLC35F2	1	1	1	1
DYRK3	SQRDL	1	1	1	1
DYRK3	STAT1	1	1	1	1
DYRK3	STK10	1	1	1	1
DYRK3	STK25	1	1	1	1
DYRK3	TBC1D9B	1	1	1	1
DYRK3	TIMELESS	1	1	1	1
DYRK3	TRIB1	1	1	1	1
DYRK3	USP22	1	1	1	1
EAPP	ARHGEF2	1	1	1	1
EAPP	BDH1	1	1	1	1
EAPP	BLMH	1	1	1	1
EAPP	CENPE	1	1	1	1
EAPP	DHDDS	1	1	1	1
EAPP	DHX29	1	1	1	1
EAPP	DUSP11	1	1	1	1
EAPP	EBNA1BP2	1	1	1	1
EAPP	EPB41L2	1	1	1	1
EAPP	GAPDH	1	1	1	1
EAPP	GDPD5	1	1	1	1
EAPP	GPC1	1	1	1	1
EAPP	ITFG1	1	1	1	1
EAPP	LAMA3	1	1	1	1
EAPP	LIG1	1	1	1	1
EAPP	MAPK1IP1L	1	1	1	1
EAPP	MAPK9	1	1	1	1
EAPP	NIT1	1	1	1	1
EAPP	NNT	1	1	1	1
EAPP	NRAS	1	1	1	1
EAPP	NUCB2	1	1	1	1
EAPP	OXA1L	1	1	1	1
EAPP	OXCT1	1	1	1	1
EAPP	PARP2	1	1	1	1
EAPP	PIK3C2B	1	1	1	1
EAPP	PPIC	1	1	1	1
EAPP	PTPN1	1	1	1	1
EAPP	SLC1A4	1	1	1	1
EAPP	SMC3	1	1	1	1
EAPP	SOX4	1	1	1	1
EAPP	SPDEF	1	1	1	1
EAPP	TP53BP1	1	1	1	1
EAPP	TRIB1	1	1	1	1
EAPP	ZFP36	1	1	1	1
EAPP	ZMIZ1	1	1	1	1
EBNA1BP2	ACOT9	1	1	1	1
EBNA1BP2	EBP	1	1	1	1
EBNA1BP2	FCHO1	1	1	1	1
EBNA1BP2	HDAC2	1	1	1	1
EBNA1BP2	HIST2H2BE	1	1	1	1
EBNA1BP2	HMGCR	1	1	1	1
EBNA1BP2	HYOU1	1	1	1	1
EBNA1BP2	IKBKE	1	1	1	1
EBNA1BP2	KIAA0355	1	1	1	1
EBNA1BP2	LAP3	1	1	1	1
EBNA1BP2	LYPLA1	1	1	1	1
EBNA1BP2	MBOAT7	1	1	1	1
EBNA1BP2	NR3C1	1	1	1	1
EBNA1BP2	NUP62	1	1	1	1
EBNA1BP2	ORC1	1	1	1	1
EBNA1BP2	PAF1	1	1	1	1
EBNA1BP2	PDIA5	1	1	1	1
EBNA1BP2	PIGB	1	1	1	1
EBNA1BP2	PIH1D1	1	1	1	1
EBNA1BP2	PIN1	1	1	1	1
EBNA1BP2	SCP2	1	1	1	1
EBNA1BP2	SLC11A2	1	1	1	1
EBNA1BP2	TBPL1	1	1	1	1
EBNA1BP2	TERF2IP	1	1	1	1
EBNA1BP2	TXLNA	1	1	1	1
EBNA1BP2	USP22	1	1	1	1
EBP	ASCC3	1	1	1	1
EBP	ATP1B1	1	1	1	1
EBP	CCDC86	1	1	1	1
EBP	ERBB3	1	1	1	1
EBP	GLOD4	1	1	1	1
EBP	GNAI2	1	1	1	1
EBP	GPC1	1	1	1	1
EBP	KAT6A	1	1	1	1
EBP	KDM3A	1	1	1	1
EBP	MFSD10	1	1	1	1
EBP	PAPD7	1	1	1	1
EBP	PHGDH	1	1	1	1
EBP	PTPRF	1	1	1	1
EBP	STAMBP	1	1	1	1
EBP	STUB1	1	1	1	1
EBP	VAV3	1	1	1	1
ECD	ALDOC	1	1	1	1
ECD	B3GNT1	1	1	1	1
ECD	COPS7A	1	1	1	1
ECD	CPSF4	1	1	1	1
ECD	DHRS7	1	1	1	1
ECD	HK1	1	1	1	1
ECD	ILK	1	1	1	1
ECD	ITFG1	1	1	1	1
ECD	KEAP1	1	1	1	1
ECD	MAPKAPK5	1	1	1	1
ECD	MBTPS1	1	1	1	1
ECD	MCM3	1	1	1	1
ECD	MTHFD2	1	1	1	1
ECD	NRIP1	1	1	1	1
ECD	PACSIN3	1	1	1	1
ECD	PHKA1	1	1	1	1
ECD	TRAPPC6A	1	1	1	1
ECD	UBQLN2	1	1	1	1
ECD	USP1	1	1	1	1
ECD	XPO7	1	1	1	1
ECD	ZNF274	1	1	1	1
ECH1	AARS	1	1	1	1
ECH1	BCL7B	1	1	1	1
ECH1	CD320	1	1	1	1
ECH1	CD58	1	1	1	1
ECH1	DLD	1	1	1	1
ECH1	DUSP22	1	1	1	1
ECH1	FCHO1	1	1	1	1
ECH1	KDM3A	1	1	1	1
ECH1	MSH6	1	1	1	1
ECH1	MTA1	1	1	1	1
ECH1	NIT1	1	1	1	1
ECH1	NOLC1	1	1	1	1
ECH1	NUCB2	1	1	1	1
ECH1	PYCR1	1	1	1	1
ECH1	S100A4	1	1	1	1
ECH1	SH3BP5	1	1	1	1
ECH1	TOR1A	1	1	1	1
ECH1	TRAPPC6A	1	1	1	1
EDEM1	ACBD3	1	1	1	1
EDEM1	ACOT9	1	1	1	1
EDEM1	AURKA	1	1	1	1
EDEM1	B3GNT1	1	1	1	1
EDEM1	CCDC85B	1	1	1	1
EDEM1	CNOT4	1	1	1	1
EDEM1	DNMT1	1	1	1	1
EDEM1	ELOVL6	1	1	1	1
EDEM1	FPGS	1	1	1	1
EDEM1	GAA	1	1	1	1
EDEM1	HIST2H2BE	1	1	1	1
EDEM1	IQGAP1	1	1	1	1
EDEM1	OXA1L	1	1	1	1
EDEM1	PCMT1	1	1	1	1
EDEM1	SMC4	1	1	1	1
EDEM1	TMEM109	1	1	1	1
EGFR	AKAP8L	1	1	1	1
EGFR	AMDHD2	1	1	1	1
EGFR	CASP3	1	1	1	1
EGFR	CYB561	1	1	1	1
EGFR	DNM1	1	1	1	1
EGFR	ILK	1	1	1	1
EGFR	MBTPS1	1	1	1	1
EGFR	MRPS2	1	1	1	1
EGFR	PCCB	1	1	1	1
EGFR	POLE2	1	1	1	1
EGFR	RNPS1	1	1	1	1
EGFR	RPA1	1	1	1	1
EGFR	RRS1	1	1	1	1
EGFR	STAP2	1	1	1	1
EGFR	STUB1	1	1	1	1
EGFR	TRAK2	1	1	1	1
EGFR	UBR7	1	1	1	1
EGFR	UFM1	1	1	1	1
EIF5	CETN3	1	1	1	1
EIF5	CGRRF1	1	1	1	1
EIF5	DDX42	1	1	1	1
EIF5	DRAP1	1	1	1	1
EIF5	FOXO4	1	1	1	1
EIF5	INPP4B	1	1	1	1
EIF5	KIAA0100	1	1	1	1
EIF5	KIF5C	1	1	1	1
EIF5	LAP3	1	1	1	1
EIF5	ORC1	1	1	1	1
EIF5	POLR2K	1	1	1	1
EIF5	PSMD10	1	1	1	1
EIF5	TRAPPC3	1	1	1	1
EIF5	TRIB3	1	1	1	1
EIF5	TXNDC9	1	1	1	1
EIF5	WASF3	1	1	1	1
ELAC2	ADAT1	1	1	1	1
ELAC2	CASC3	1	1	1	1
ELAC2	CREG1	1	1	1	1
ELAC2	CSK	1	1	1	1
ELAC2	FEZ2	1	1	1	1
ELAC2	GPC1	1	1	1	1
ELAC2	IL13RA1	1	1	1	1
ELAC2	MSRA	1	1	1	1
ELAC2	PTPLAD1	1	1	1	1
ELAC2	RFC2	1	1	1	1
ELAC2	SORBS3	1	1	1	1
ELAC2	TCEA2	1	1	1	1
ELAC2	TIMP2	1	1	1	1
ELAC2	WDTC1	1	1	1	1
ELAVL1	ABHD4	1	1	1	1
ELAVL1	AGL	1	1	1	1
ELAVL1	AKT1	1	1	1	1
ELAVL1	CDH3	1	1	1	1
ELAVL1	COASY	1	1	1	1
ELAVL1	GNAS	1	1	1	1
ELAVL1	METRN	1	1	1	1
ELAVL1	NOLC1	1	1	1	1
ELAVL1	NUCB2	1	1	1	1
ELAVL1	PNKP	1	1	1	1
ELAVL1	POLR1C	1	1	1	1
ELAVL1	RNH1	1	1	1	1
ELAVL1	THAP11	1	1	1	1
ELOVL6	ADCK3	1	1	1	1
ELOVL6	ARID5B	1	1	1	1
ELOVL6	ARL4C	1	1	1	1
ELOVL6	BUB1B	1	1	1	1
ELOVL6	CDC45	1	1	1	1
ELOVL6	CDK1	1	1	1	1
ELOVL6	DDR1	1	1	1	1
ELOVL6	ENOPH1	1	1	1	1
ELOVL6	HDAC6	1	1	1	1
ELOVL6	JUN	1	1	1	1
ELOVL6	KDM5B	1	1	1	1
ELOVL6	LYN	1	1	1	1
ELOVL6	MCM3	1	1	1	1
ELOVL6	NCOA3	1	1	1	1
ELOVL6	NUCB2	1	1	1	1
ELOVL6	ORC1	1	1	1	1
ELOVL6	OXA1L	1	1	1	1
ELOVL6	PHKA1	1	1	1	1
ELOVL6	PIN1	1	1	1	1
ELOVL6	POLR2K	1	1	1	1
ELOVL6	PPIC	1	1	1	1
ELOVL6	RAP1GAP	1	1	1	1
ELOVL6	SCARB1	1	1	1	1
ELOVL6	SLC35A3	1	1	1	1
ELOVL6	SLC35F2	1	1	1	1
ELOVL6	TIPARP	1	1	1	1
ELOVL6	TLE1	1	1	1	1
ELOVL6	UBE2C	1	1	1	1
ELOVL6	UTP14A	1	1	1	1
EML3	CAMSAP2	1	1	1	1
EML3	CAT	1	1	1	1
EML3	CD320	1	1	1	1
EML3	CISD1	1	1	1	1
EML3	COG4	1	1	1	1
EML3	DCUN1D4	1	1	1	1
EML3	SCAND1	1	1	1	1
ENOPH1	ACLY	1	1	1	1
ENOPH1	BIRC5	1	1	1	1
ENOPH1	CAB39	1	1	1	1
ENOPH1	CAST	1	1	1	1
ENOPH1	CBR1	1	1	1	1
ENOPH1	CD320	1	1	1	1
ENOPH1	CEBPD	1	1	1	1
ENOPH1	CHERP	1	1	1	1
ENOPH1	CHMP6	1	1	1	1
ENOPH1	COASY	1	1	1	1
ENOPH1	CREG1	1	1	1	1
ENOPH1	DHDDS	1	1	1	1
ENOPH1	DNTTIP2	1	1	1	1
ENOPH1	EAPP	1	1	1	1
ENOPH1	GADD45A	1	1	1	1
ENOPH1	GDPD5	1	1	1	1
ENOPH1	INSIG1	1	1	1	1
ENOPH1	KIAA0753	1	1	1	1
ENOPH1	MSRA	1	1	1	1
ENOPH1	MTHFD2	1	1	1	1
ENOPH1	NMT1	1	1	1	1
ENOPH1	P4HA2	1	1	1	1
ENOPH1	PRR15L	1	1	1	1
ENOPH1	PTPN12	1	1	1	1
ENOPH1	RBKS	1	1	1	1
ENOPH1	STX4	1	1	1	1
ENOPH1	TCEA2	1	1	1	1
ENOPH1	TM9SF2	1	1	1	1
ENOPH1	UBE2J1	1	1	1	1
ENOPH1	UFM1	1	1	1	1
ENOPH1	UGDH	1	1	1	1
ENOSF1	ATMIN	1	1	1	1
ENOSF1	ATP6V1D	1	1	1	1
ENOSF1	CCDC86	1	1	1	1
ENOSF1	CCNF	1	1	1	1
ENOSF1	CREG1	1	1	1	1
ENOSF1	FCHO1	1	1	1	1
ENOSF1	HK1	1	1	1	1
ENOSF1	LIPA	1	1	1	1
ENOSF1	MAMLD1	1	1	1	1
ENOSF1	MSH6	1	1	1	1
ENOSF1	OXSR1	1	1	1	1
ENOSF1	PCM1	1	1	1	1
ENOSF1	PHKG2	1	1	1	1
ENOSF1	PIN1	1	1	1	1
ENOSF1	PRUNE	1	1	1	1
ENOSF1	SLC35A3	1	1	1	1
ENOSF1	SNX13	1	1	1	1
ENOSF1	SPTLC2	1	1	1	1
EPB41L2	ARHGEF2	1	1	1	1
EPB41L2	ATP6V0B	1	1	1	1
EPB41L2	AURKB	1	1	1	1
EPB41L2	B3GNT1	1	1	1	1
EPB41L2	BAD	1	1	1	1
EPB41L2	BAG3	1	1	1	1
EPB41L2	CANT1	1	1	1	1
EPB41L2	CBR1	1	1	1	1
EPB41L2	CD320	1	1	1	1
EPB41L2	CDK1	1	1	1	1
EPB41L2	CERK	1	1	1	1
EPB41L2	CHERP	1	1	1	1
EPB41L2	CIAPIN1	1	1	1	1
EPB41L2	CIRBP	1	1	1	1
EPB41L2	DCTD	1	1	1	1
EPB41L2	DDR1	1	1	1	1
EPB41L2	DECR1	1	1	1	1
EPB41L2	DNAJB6	1	1	1	1
EPB41L2	FBXO7	1	1	1	1
EPB41L2	GNAI2	1	1	1	1
EPB41L2	GRB10	1	1	1	1
EPB41L2	GSTZ1	1	1	1	1
EPB41L2	GTPBP8	1	1	1	1
EPB41L2	HMGCS1	1	1	1	1
EPB41L2	IL13RA1	1	1	1	1
EPB41L2	KIF2C	1	1	1	1
EPB41L2	KLHL21	1	1	1	1
EPB41L2	MALT1	1	1	1	1
EPB41L2	MAPKAPK5	1	1	1	1
EPB41L2	MTF2	1	1	1	1
EPB41L2	POLD4	1	1	1	1
EPB41L2	SLC25A14	1	1	1	1
EPB41L2	SMARCA4	1	1	1	1
EPB41L2	TBXA2R	1	1	1	1
EPB41L2	TES	1	1	1	1
EPB41L2	TRIB1	1	1	1	1
EPB41L2	USP7	1	1	1	1
EPB41L2	XPNPEP1	1	1	1	1
EPN2	AARS	1	1	1	1
EPN2	ABCF3	1	1	1	1
EPN2	ADCK3	1	1	1	1
EPN2	ARL4C	1	1	1	1
EPN2	CDK1	1	1	1	1
EPN2	ELOVL6	1	1	1	1
EPN2	FAM57A	1	1	1	1
EPN2	FBXL12	1	1	1	1
EPN2	FBXO21	1	1	1	1
EPN2	GDPD5	1	1	1	1
EPN2	GOLT1B	1	1	1	1
EPN2	GTF2E2	1	1	1	1
EPN2	HOMER2	1	1	1	1
EPN2	LAP3	1	1	1	1
EPN2	MCOLN1	1	1	1	1
EPN2	PDHX	1	1	1	1
EPN2	PECR	1	1	1	1
EPN2	TATDN2	1	1	1	1
EPN2	TBC1D9B	1	1	1	1
EPN2	TP53BP2	1	1	1	1
EPRS	BECN1	1	1	1	1
EPRS	BIRC5	1	1	1	1
EPRS	CDCA4	1	1	1	1
EPRS	CFLAR	1	1	1	1
EPRS	CRKL	1	1	1	1
EPRS	DDR1	1	1	1	1
EPRS	GTF2E2	1	1	1	1
EPRS	HYOU1	1	1	1	1
EPRS	IL4R	1	1	1	1
EPRS	INTS3	1	1	1	1
EPRS	LIPA	1	1	1	1
EPRS	LSM6	1	1	1	1
EPRS	MCM3	1	1	1	1
EPRS	MTFR1	1	1	1	1
EPRS	NCOA3	1	1	1	1
EPRS	PAF1	1	1	1	1
EPRS	PLSCR1	1	1	1	1
EPRS	PNP	1	1	1	1
EPRS	PRKACA	1	1	1	1
EPRS	PTPN12	1	1	1	1
EPRS	SMAD3	1	1	1	1
EPRS	STUB1	1	1	1	1
EPRS	TBC1D9B	1	1	1	1
EPRS	UBE2A	1	1	1	1
EPRS	UBE2L6	1	1	1	1
EPRS	UBQLN2	1	1	1	1
EPRS	ZFP36	1	1	1	1
ERBB2	ARID5B	1	1	1	1
ERBB2	DHDDS	1	1	1	1
ERBB2	FBXO7	1	1	1	1
ERBB2	GNA11	1	1	1	1
ERBB2	GRB10	1	1	1	1
ERBB2	HMG20B	1	1	1	1
ERBB2	KIAA1033	1	1	1	1
ERBB2	PHGDH	1	1	1	1
ERBB2	PTPRF	1	1	1	1
ERBB2	SCYL3	1	1	1	1
ERBB2	SKIV2L	1	1	1	1
ERBB2	SPTLC2	1	1	1	1
ERBB2	VAT1	1	1	1	1
ERBB3	ARHGEF2	1	1	1	1
ERBB3	CCDC92	1	1	1	1
ERBB3	CCNB2	1	1	1	1
ERBB3	CLSTN1	1	1	1	1
ERBB3	DLD	1	1	1	1
ERBB3	FDFT1	1	1	1	1
ERBB3	MAPK9	1	1	1	1
ERBB3	RGS2	1	1	1	1
ERBB3	RNMT	1	1	1	1
ERBB3	RTN2	1	1	1	1
ERBB3	SNX7	1	1	1	1
ERBB3	TLE1	1	1	1	1
ERBB3	TNFRSF21	1	1	1	1
ERBB3	ZNF131	1	1	1	1
ETFB	ABHD6	1	1	1	1
ETFB	ABL1	1	1	1	1
ETFB	AURKA	1	1	1	1
ETFB	CDCA4	1	1	1	1
ETFB	CLPX	1	1	1	1
ETFB	COPS7A	1	1	1	1
ETFB	DECR1	1	1	1	1
ETFB	EDEM1	1	1	1	1
ETFB	EVL	1	1	1	1
ETFB	FBXO21	1	1	1	1
ETFB	GRWD1	1	1	1	1
ETFB	HS2ST1	1	1	1	1
ETFB	HTATSF1	1	1	1	1
ETFB	LIG1	1	1	1	1
ETFB	NIT1	1	1	1	1
ETFB	PDHX	1	1	1	1
ETFB	RAB11FIP2	1	1	1	1
ETFB	SLC5A6	1	1	1	1
ETFB	SNX13	1	1	1	1
ETFB	VPS72	1	1	1	1
EVL	BAD	1	1	1	1
EVL	BLCAP	1	1	1	1
EVL	CAB39	1	1	1	1
EVL	CFLAR	1	1	1	1
EVL	DNAJC15	1	1	1	1
EVL	EXT1	1	1	1	1
EVL	FBXO21	1	1	1	1
EVL	GAPDH	1	1	1	1
EVL	HDAC6	1	1	1	1
EVL	ICAM3	1	1	1	1
EVL	IDE	1	1	1	1
EVL	KCTD5	1	1	1	1
EVL	KIAA1279	1	1	1	1
EVL	MAPKAPK3	1	1	1	1
EVL	ME2	1	1	1	1
EVL	POLE2	1	1	1	1
EVL	RFX5	1	1	1	1
EVL	RNPS1	1	1	1	1
EVL	SCAND1	1	1	1	1
EVL	TIMP2	1	1	1	1
EVL	TMED10	1	1	1	1
EVL	TSEN2	1	1	1	1
EXT1	BLCAP	1	1	1	1
EXT1	CXCR4	1	1	1	1
EXT1	DDIT4	1	1	1	1
EXT1	DENND2D	1	1	1	1
EXT1	HK1	1	1	1	1
EXT1	MYBL2	1	1	1	1
EXT1	PHGDH	1	1	1	1
EXT1	POLG2	1	1	1	1
EXT1	RRAGA	1	1	1	1
EXT1	SPAG4	1	1	1	1
EXT1	STAT1	1	1	1	1
EXT1	TMED10	1	1	1	1
EXT1	TOP2A	1	1	1	1
EZH2	AKR7A2	1	1	1	1
EZH2	ATP11B	1	1	1	1
EZH2	ATP6V0B	1	1	1	1
EZH2	CAPN1	1	1	1	1
EZH2	CCNA2	1	1	1	1
EZH2	CGRRF1	1	1	1	1
EZH2	COG7	1	1	1	1
EZH2	CTNNAL1	1	1	1	1
EZH2	DNAJB2	1	1	1	1
EZH2	DRAP1	1	1	1	1
EZH2	EBNA1BP2	1	1	1	1
EZH2	ETFB	1	1	1	1
EZH2	FAS	1	1	1	1
EZH2	FASTKD5	1	1	1	1
EZH2	GATA2	1	1	1	1
EZH2	ICAM3	1	1	1	1
EZH2	MAP7	1	1	1	1
EZH2	NMT1	1	1	1	1
EZH2	NUDT9	1	1	1	1
EZH2	PHKG2	1	1	1	1
EZH2	PNKP	1	1	1	1
EZH2	POLR2I	1	1	1	1
EZH2	PPARG	1	1	1	1
EZH2	PRAF2	1	1	1	1
EZH2	PRCP	1	1	1	1
EZH2	PUF60	1	1	1	1
EZH2	PXN	1	1	1	1
EZH2	RAB21	1	1	1	1
EZH2	RAE1	1	1	1	1
EZH2	SFN	1	1	1	1
EZH2	SLC25A13	1	1	1	1
EZH2	SLC5A6	1	1	1	1
EZH2	SPEN	1	1	1	1
EZH2	SQRDL	1	1	1	1
EZH2	SSBP2	1	1	1	1
EZH2	SYPL1	1	1	1	1
EZH2	TMEM50A	1	1	1	1
EZH2	TRIM13	1	1	1	1
EZH2	UBE2L6	1	1	1	1
EZH2	UBR7	1	1	1	1
EZH2	USP14	1	1	1	1
FAH	ARFIP2	1	1	1	1
FAH	ARID4B	1	1	1	1
FAH	ARID5B	1	1	1	1
FAH	BCL2	1	1	1	1
FAH	BLMH	1	1	1	1
FAH	CBR1	1	1	1	1
FAH	CD97	1	1	1	1
FAH	CRKL	1	1	1	1
FAH	DCTD	1	1	1	1
FAH	DNAJB2	1	1	1	1
FAH	EPB41L2	1	1	1	1
FAH	GABPB1	1	1	1	1
FAH	GNAI2	1	1	1	1
FAH	HN1L	1	1	1	1
FAH	HOXA5	1	1	1	1
FAH	KIAA1033	1	1	1	1
FAH	MSRA	1	1	1	1
FAH	PLA2G15	1	1	1	1
FAH	TCTN1	1	1	1	1
FAH	TPD52L2	1	1	1	1
FAH	USP6NL	1	1	1	1
FAIM	BCL7B	1	1	1	1
FAIM	DNAJB2	1	1	1	1
FAIM	FHL2	1	1	1	1
FAIM	FOXJ3	1	1	1	1
FAIM	IQGAP1	1	1	1	1
FAIM	LAP3	1	1	1	1
FAIM	LIG1	1	1	1	1
FAIM	LSM6	1	1	1	1
FAIM	MLLT11	1	1	1	1
FAIM	PDIA5	1	1	1	1
FAIM	RAD51C	1	1	1	1
FAIM	SCYL3	1	1	1	1
FAIM	SLC27A3	1	1	1	1
FAIM	SMC3	1	1	1	1
FAIM	SPTLC2	1	1	1	1
FAIM	SYNGR3	1	1	1	1
FAIM	TRAPPC6A	1	1	1	1
FAIM	VAPB	1	1	1	1
FAM20B	ABCF3	1	1	1	1
FAM20B	ANXA7	1	1	1	1
FAM20B	BCL2	1	1	1	1
FAM20B	CANT1	1	1	1	1
FAM20B	CDH3	1	1	1	1
FAM20B	CDK1	1	1	1	1
FAM20B	CIRBP	1	1	1	1
FAM20B	FDFT1	1	1	1	1
FAM20B	GALE	1	1	1	1
FAM20B	H2AFV	1	1	1	1
FAM20B	HERPUD1	1	1	1	1
FAM20B	NIT1	1	1	1	1
FAM20B	PMM2	1	1	1	1
FAM20B	RELB	1	1	1	1
FAM20B	SH3BP5	1	1	1	1
FAM20B	TRIB1	1	1	1	1
FAM20B	ZNF451	1	1	1	1
FAM57A	ANO10	1	1	1	1
FAM57A	DERA	1	1	1	1
FAM57A	FCHO1	1	1	1	1
FAM57A	HS2ST1	1	1	1	1
FAM57A	LGMN	1	1	1	1
FAM57A	NENF	1	1	1	1
FAM57A	NET1	1	1	1	1
FAM57A	PLA2G15	1	1	1	1
FAM57A	POP4	1	1	1	1
FAM57A	RPL39L	1	1	1	1
FAM57A	SACM1L	1	1	1	1
FAM57A	SKIV2L	1	1	1	1
FAM57A	TCFL5	1	1	1	1
FAM57A	TOPBP1	1	1	1	1
FAM57A	YKT6	1	1	1	1
FAM57A	ZMIZ1	1	1	1	1
FAM63A	ACD	1	1	1	1
FAM63A	BPHL	1	1	1	1
FAM63A	CCNB2	1	1	1	1
FAM63A	CETN3	1	1	1	1
FAM63A	CPNE3	1	1	1	1
FAM63A	DLD	1	1	1	1
FAM63A	DSG2	1	1	1	1
FAM63A	MTHFD2	1	1	1	1
FAM63A	NOLC1	1	1	1	1
FAM63A	NRIP1	1	1	1	1
FAM63A	OXSR1	1	1	1	1
FAM63A	PAFAH1B3	1	1	1	1
FAM63A	RPA2	1	1	1	1
FAM63A	SENP6	1	1	1	1
FAM63A	SH3BP5	1	1	1	1
FAM63A	SQRDL	1	1	1	1
FAM63A	TSPAN3	1	1	1	1
FAM69A	ADAT1	1	1	1	1
FAM69A	ALAS1	1	1	1	1
FAM69A	ANO10	1	1	1	1
FAM69A	CERK	1	1	1	1
FAM69A	CFLAR	1	1	1	1
FAM69A	EPN2	1	1	1	1
FAM69A	GNA11	1	1	1	1
FAM69A	GTPBP8	1	1	1	1
FAM69A	HDAC6	1	1	1	1
FAM69A	HSPA4	1	1	1	1
FAM69A	IARS2	1	1	1	1
FAM69A	MCM3	1	1	1	1
FAM69A	MYBL2	1	1	1	1
FAM69A	NIT1	1	1	1	1
FAM69A	PPP2R3C	1	1	1	1
FAM69A	PRR15L	1	1	1	1
FAM69A	PRSS23	1	1	1	1
FAM69A	PTPLAD1	1	1	1	1
FAM69A	RAB4A	1	1	1	1
FAM69A	SGCB	1	1	1	1
FAM69A	SLC25A46	1	1	1	1
FAM69A	STK10	1	1	1	1
FAM69A	TERF2IP	1	1	1	1
FAM69A	WFS1	1	1	1	1
FAM69A	ZNF318	1	1	1	1
FAS	ARHGEF2	1	1	1	1
FAS	ARL4C	1	1	1	1
FAS	ASCC3	1	1	1	1
FAS	BAG3	1	1	1	1
FAS	CHIC2	1	1	1	1
FAS	CXCR4	1	1	1	1
FAS	FBXL12	1	1	1	1
FAS	GFOD1	1	1	1	1
FAS	GNPDA1	1	1	1	1
FAS	KIAA1279	1	1	1	1
FAS	LSM5	1	1	1	1
FAS	PGRMC1	1	1	1	1
FAS	TNIP1	1	1	1	1
FASTKD5	BNIP3	1	1	1	1
FASTKD5	CCDC86	1	1	1	1
FASTKD5	CNOT4	1	1	1	1
FASTKD5	GPATCH8	1	1	1	1
FASTKD5	LSM6	1	1	1	1
FASTKD5	MTHFD2	1	1	1	1
FASTKD5	SKIV2L	1	1	1	1
FASTKD5	TSPAN6	1	1	1	1
FASTKD5	TXNRD1	1	1	1	1
FASTKD5	XPNPEP1	1	1	1	1
FASTKD5	XPO7	1	1	1	1
FAT1	CCNF	1	1	1	1
FAT1	CRKL	1	1	1	1
FAT1	CRTAP	1	1	1	1
FAT1	DRAP1	1	1	1	1
FAT1	GADD45A	1	1	1	1
FAT1	IARS2	1	1	1	1
FAT1	MAP3K4	1	1	1	1
FAT1	NUCB2	1	1	1	1
FAT1	SLC2A6	1	1	1	1
FAT1	TM9SF2	1	1	1	1
FBXL12	CCDC92	1	1	1	1
FBXL12	CHN1	1	1	1	1
FBXL12	COG2	1	1	1	1
FBXL12	ECD	1	1	1	1
FBXL12	FAH	1	1	1	1
FBXL12	FBXO21	1	1	1	1
FBXL12	KDM3A	1	1	1	1
FBXL12	KDM5A	1	1	1	1
FBXL12	KLHDC2	1	1	1	1
FBXL12	LSM5	1	1	1	1
FBXL12	MAPKAPK3	1	1	1	1
FBXL12	MYBL2	1	1	1	1
FBXL12	PHKG2	1	1	1	1
FBXL12	POLE2	1	1	1	1
FBXL12	PRKACA	1	1	1	1
FBXL12	RBM15B	1	1	1	1
FBXL12	RPIA	1	1	1	1
FBXL12	TRIB1	1	1	1	1
FBXO21	ACAT2	1	1	1	1
FBXO21	CAB39	1	1	1	1
FBXO21	CCDC92	1	1	1	1
FBXO21	CLPX	1	1	1	1
FBXO21	CTSD	1	1	1	1
FBXO21	FOXO4	1	1	1	1
FBXO21	GATA2	1	1	1	1
FBXO21	KIAA0355	1	1	1	1
FBXO21	NRIP1	1	1	1	1
FBXO21	RNPS1	1	1	1	1
FBXO21	RSU1	1	1	1	1
FBXO21	S100A4	1	1	1	1
FBXO21	UBE2A	1	1	1	1
FBXO21	ZDHHC6	1	1	1	1
FBXO21	ZNF274	1	1	1	1
FBXO7	CFLAR	1	1	1	1
FBXO7	COASY	1	1	1	1
FBXO7	DERA	1	1	1	1
FBXO7	HAT1	1	1	1	1
FBXO7	IGHMBP2	1	1	1	1
FBXO7	LRP10	1	1	1	1
FBXO7	MTFR1	1	1	1	1
FBXO7	NUCB2	1	1	1	1
FBXO7	PCCB	1	1	1	1
FBXO7	POLD4	1	1	1	1
FBXO7	RAD51C	1	1	1	1
FBXO7	STMN1	1	1	1	1
FBXO7	TMEM97	1	1	1	1
FBXO7	TOMM34	1	1	1	1
FBXO7	TOMM70A	1	1	1	1
FBXO7	TSC22D3	1	1	1	1
FCHO1	ADH5	1	1	1	1
FCHO1	ATP6V1D	1	1	1	1
FCHO1	CLPX	1	1	1	1
FCHO1	GOLT1B	1	1	1	1
FCHO1	GRWD1	1	1	1	1
FCHO1	HOOK2	1	1	1	1
FCHO1	HSPA4	1	1	1	1
FCHO1	IQGAP1	1	1	1	1
FCHO1	MBNL2	1	1	1	1
FCHO1	ME2	1	1	1	1
FCHO1	PAPD7	1	1	1	1
FCHO1	PYGL	1	1	1	1
FCHO1	RRS1	1	1	1	1
FCHO1	UFM1	1	1	1	1
FCHO1	WRB	1	1	1	1
FDFT1	BAD	1	1	1	1
FDFT1	DHRS7	1	1	1	1
FDFT1	EZH2	1	1	1	1
FDFT1	FEZ2	1	1	1	1
FDFT1	MSRA	1	1	1	1
FDFT1	PCK2	1	1	1	1
FDFT1	PRAF2	1	1	1	1
FDFT1	SSBP2	1	1	1	1
FDFT1	SYNGR3	1	1	1	1
FDFT1	TJP1	1	1	1	1
FDFT1	TP53BP2	1	1	1	1
FDFT1	USP6NL	1	1	1	1
FDFT1	ZW10	1	1	1	1
FEZ2	ATP6V1D	1	1	1	1
FEZ2	AURKB	1	1	1	1
FEZ2	CCNF	1	1	1	1
FEZ2	CETN3	1	1	1	1
FEZ2	CHIC2	1	1	1	1
FEZ2	CHN1	1	1	1	1
FEZ2	DCK	1	1	1	1
FEZ2	FIS1	1	1	1	1
FEZ2	GPATCH8	1	1	1	1
FEZ2	INPP4B	1	1	1	1
FEZ2	MAP3K4	1	1	1	1
FEZ2	YTHDF1	1	1	1	1
FHL2	AARS	1	1	1	1
FHL2	AGL	1	1	1	1
FHL2	BECN1	1	1	1	1
FHL2	CCDC86	1	1	1	1
FHL2	CCNF	1	1	1	1
FHL2	CDKN1A	1	1	1	1
FHL2	CENPE	1	1	1	1
FHL2	CHAC1	1	1	1	1
FHL2	DUSP11	1	1	1	1
FHL2	ETFB	1	1	1	1
FHL2	FOS	1	1	1	1
FHL2	GOLT1B	1	1	1	1
FHL2	HN1L	1	1	1	1
FHL2	HSPA4	1	1	1	1
FHL2	IER3	1	1	1	1
FHL2	KAT6B	1	1	1	1
FHL2	KDM3A	1	1	1	1
FHL2	KIAA0753	1	1	1	1
FHL2	ME2	1	1	1	1
FHL2	NR1H2	1	1	1	1
FHL2	NT5DC2	1	1	1	1
FHL2	PAK4	1	1	1	1
FHL2	PDS5A	1	1	1	1
FHL2	PRUNE	1	1	1	1
FHL2	SACM1L	1	1	1	1
FHL2	SDHB	1	1	1	1
FHL2	SPRED2	1	1	1	1
FHL2	TM9SF3	1	1	1	1
FHL2	TMEM50A	1	1	1	1
FHL2	TRAP1	1	1	1	1
FHL2	TRIM13	1	1	1	1
FHL2	YTHDF1	1	1	1	1
FIS1	AGL	1	1	1	1
FIS1	AKT1	1	1	1	1
FIS1	BIRC5	1	1	1	1
FIS1	BLVRA	1	1	1	1
FIS1	CNOT4	1	1	1	1
FIS1	CRELD2	1	1	1	1
FIS1	CTNND1	1	1	1	1
FIS1	DDIT4	1	1	1	1
FIS1	ELAVL1	1	1	1	1
FIS1	ETFB	1	1	1	1
FIS1	GDPD5	1	1	1	1
FIS1	IKBKB	1	1	1	1
FIS1	MAP4K4	1	1	1	1
FIS1	MRPL19	1	1	1	1
FIS1	P4HA2	1	1	1	1
FIS1	POLG2	1	1	1	1
FIS1	PRR15L	1	1	1	1
FIS1	REEP5	1	1	1	1
FIS1	SENP6	1	1	1	1
FIS1	TIMELESS	1	1	1	1
FKBP14	ANKRD10	1	1	1	1
FKBP14	DECR1	1	1	1	1
FKBP14	KIF20A	1	1	1	1
FKBP14	KIT	1	1	1	1
FKBP14	MAPKAPK3	1	1	1	1
FKBP14	MCOLN1	1	1	1	1
FKBP14	PKIG	1	1	1	1
FKBP14	PPIE	1	1	1	1
FKBP14	SLC2A6	1	1	1	1
FKBP14	STK25	1	1	1	1
FKBP14	TXNRD1	1	1	1	1
FKBP14	VAV3	1	1	1	1
FKBP14	ZNF586	1	1	1	1
FKBP4	BIRC5	1	1	1	1
FKBP4	CCNA2	1	1	1	1
FKBP4	DNAJB6	1	1	1	1
FKBP4	HOMER2	1	1	1	1
FKBP4	KIF2C	1	1	1	1
FKBP4	MLEC	1	1	1	1
FKBP4	MRPS2	1	1	1	1
FKBP4	P4HA2	1	1	1	1
FKBP4	PPIE	1	1	1	1
FOS	ARHGEF2	1	1	1	1
FOS	BAD	1	1	1	1
FOS	BCL7B	1	1	1	1
FOS	CSNK2A2	1	1	1	1
FOS	DNAJB6	1	1	1	1
FOS	DUSP11	1	1	1	1
FOS	ENOPH1	1	1	1	1
FOS	HEBP1	1	1	1	1
FOS	IGHMBP2	1	1	1	1
FOS	METRN	1	1	1	1
FOS	ORC1	1	1	1	1
FOS	PSIP1	1	1	1	1
FOS	SLC35F2	1	1	1	1
FOS	USP1	1	1	1	1
FOS	WFS1	1	1	1	1
FOXJ3	ADH5	1	1	1	1
FOXJ3	ARL4C	1	1	1	1
FOXJ3	BHLHE40	1	1	1	1
FOXJ3	CDKN1A	1	1	1	1
FOXJ3	KDM3A	1	1	1	1
FOXJ3	KIAA0355	1	1	1	1
FOXJ3	LRRC41	1	1	1	1
FOXJ3	MOK	1	1	1	1
FOXJ3	SCYL3	1	1	1	1
FOXJ3	TERF2IP	1	1	1	1
FOXJ3	TMEM50A	1	1	1	1
FOXJ3	TRIB1	1	1	1	1
FOXJ3	TWF2	1	1	1	1
FOXO4	CCP110	1	1	1	1
FOXO4	CENPE	1	1	1	1
FOXO4	CORO1A	1	1	1	1
FOXO4	EPRS	1	1	1	1
FOXO4	FOS	1	1	1	1
FOXO4	GAA	1	1	1	1
FOXO4	GNB5	1	1	1	1
FOXO4	HOOK2	1	1	1	1
FOXO4	LGALS8	1	1	1	1
FOXO4	MLEC	1	1	1	1
FOXO4	NFE2L2	1	1	1	1
FOXO4	NOSIP	1	1	1	1
FOXO4	PAPD7	1	1	1	1
FOXO4	RPP38	1	1	1	1
FOXO4	SOCS2	1	1	1	1
FOXO4	TCTA	1	1	1	1
FPGS	CREB1	1	1	1	1
FPGS	CSK	1	1	1	1
FPGS	GSTZ1	1	1	1	1
FPGS	KTN1	1	1	1	1
FPGS	PRKACA	1	1	1	1
FPGS	RBM15B	1	1	1	1
FPGS	TCTN1	1	1	1	1
FPGS	TRAM2	1	1	1	1
FPGS	TRIM13	1	1	1	1
FPGS	TXNL4B	1	1	1	1
FPGS	UBQLN2	1	1	1	1
FPGS	UFM1	1	1	1	1
FPGS	WDTC1	1	1	1	1
FPGS	XPNPEP1	1	1	1	1
FPGS	ZNF131	1	1	1	1
FSD1	ARID4B	1	1	1	1
FSD1	ARNT2	1	1	1	1
FSD1	BAG3	1	1	1	1
FSD1	CCNF	1	1	1	1
FSD1	CGRRF1	1	1	1	1
FSD1	DDIT4	1	1	1	1
FSD1	ECH1	1	1	1	1
FSD1	GNAI2	1	1	1	1
FSD1	IFRD2	1	1	1	1
FSD1	IL4R	1	1	1	1
FSD1	JUN	1	1	1	1
FSD1	KCTD5	1	1	1	1
FSD1	KTN1	1	1	1	1
FSD1	LYN	1	1	1	1
FSD1	MCM3	1	1	1	1
FSD1	MSRA	1	1	1	1
FSD1	MYC	1	1	1	1
FSD1	NUDT9	1	1	1	1
FSD1	OXA1L	1	1	1	1
FSD1	OXCT1	1	1	1	1
FSD1	PDHX	1	1	1	1
FSD1	POLE2	1	1	1	1
FSD1	SLC2A6	1	1	1	1
FSD1	SMC4	1	1	1	1
FSD1	TMEM109	1	1	1	1
FSD1	TUBB6	1	1	1	1
FSD1	WFS1	1	1	1	1
FUT1	ARFIP2	1	1	1	1
FUT1	ATP11B	1	1	1	1
FUT1	ATP5S	1	1	1	1
FUT1	BIRC5	1	1	1	1
FUT1	CSNK2A2	1	1	1	1
FUT1	DDB2	1	1	1	1
FUT1	DYRK3	1	1	1	1
FUT1	ERBB2	1	1	1	1
FUT1	ISOC1	1	1	1	1
FUT1	NUP88	1	1	1	1
FUT1	PSIP1	1	1	1	1
FUT1	PTK2	1	1	1	1
FUT1	SMC3	1	1	1	1
FUT1	TIMP2	1	1	1	1
FUT1	WRB	1	1	1	1
G3BP1	AMDHD2	1	1	1	1
G3BP1	ARL4C	1	1	1	1
G3BP1	CAT	1	1	1	1
G3BP1	CCNB2	1	1	1	1
G3BP1	CNDP2	1	1	1	1
G3BP1	COPB2	1	1	1	1
G3BP1	FBXO7	1	1	1	1
G3BP1	GADD45B	1	1	1	1
G3BP1	HOMER2	1	1	1	1
G3BP1	IQGAP1	1	1	1	1
G3BP1	KIAA0753	1	1	1	1
G3BP1	KLHL9	1	1	1	1
G3BP1	NR3C1	1	1	1	1
G3BP1	NUDT9	1	1	1	1
G3BP1	PYCR1	1	1	1	1
G3BP1	RAB21	1	1	1	1
G3BP1	SCCPDH	1	1	1	1
G3BP1	ST6GALNAC2	1	1	1	1
G3BP1	TXNL4B	1	1	1	1
G3BP1	UBE3C	1	1	1	1
G3BP1	ZDHHC6	1	1	1	1
GAA	CANT1	1	1	1	1
GAA	CSK	1	1	1	1
GAA	CTSD	1	1	1	1
GAA	FBXO7	1	1	1	1
GAA	GOLT1B	1	1	1	1
GAA	HDAC6	1	1	1	1
GAA	KAT6B	1	1	1	1
GAA	LRRC41	1	1	1	1
GAA	METRN	1	1	1	1
GAA	PCBD1	1	1	1	1
GAA	PIN1	1	1	1	1
GAA	POLE2	1	1	1	1
GAA	PYCR1	1	1	1	1
GAA	RFC2	1	1	1	1
GAA	RNF167	1	1	1	1
GAA	SACM1L	1	1	1	1
GAA	SLC35A3	1	1	1	1
GAA	STK25	1	1	1	1
GAA	TP53BP2	1	1	1	1
GAA	UBE2J1	1	1	1	1
GABPB1	AARS	1	1	1	1
GABPB1	ADI1	1	1	1	1
GABPB1	BLVRA	1	1	1	1
GABPB1	CAT	1	1	1	1
GABPB1	CEP57	1	1	1	1
GABPB1	CETN3	1	1	1	1
GABPB1	CFLAR	1	1	1	1
GABPB1	CRTAP	1	1	1	1
GABPB1	ELAVL1	1	1	1	1
GABPB1	FAM69A	1	1	1	1
GABPB1	FHL2	1	1	1	1
GABPB1	GLRX	1	1	1	1
GABPB1	IGHMBP2	1	1	1	1
GABPB1	NISCH	1	1	1	1
GABPB1	P4HA2	1	1	1	1
GABPB1	POLE2	1	1	1	1
GABPB1	RPA1	1	1	1	1
GABPB1	SLC25A46	1	1	1	1
GABPB1	SMC1A	1	1	1	1
GABPB1	SPAG4	1	1	1	1
GABPB1	TCTN1	1	1	1	1
GABPB1	TLE1	1	1	1	1
GABPB1	TMED10	1	1	1	1
GABPB1	TMEM97	1	1	1	1
GABPB1	TOMM34	1	1	1	1
GABPB1	TRAP1	1	1	1	1
GABPB1	TUBB6	1	1	1	1
GABPB1	WFS1	1	1	1	1
GADD45A	ATP6V0B	1	1	1	1
GADD45A	BLMH	1	1	1	1
GADD45A	CASP3	1	1	1	1
GADD45A	CAT	1	1	1	1
GADD45A	CEP57	1	1	1	1
GADD45A	DDR1	1	1	1	1
GADD45A	FEZ2	1	1	1	1
GADD45A	GNAI2	1	1	1	1
GADD45A	KLHDC2	1	1	1	1
GADD45A	LRRC41	1	1	1	1
GADD45A	NIPSNAP1	1	1	1	1
GADD45A	NNT	1	1	1	1
GADD45A	NUP85	1	1	1	1
GADD45A	NVL	1	1	1	1
GADD45A	PECR	1	1	1	1
GADD45A	PPIE	1	1	1	1
GADD45A	RRAGA	1	1	1	1
GADD45A	SLC1A4	1	1	1	1
GADD45A	SYNE2	1	1	1	1
GADD45A	TJP1	1	1	1	1
GADD45A	TLE1	1	1	1	1
GADD45A	TSPAN4	1	1	1	1
GADD45B	ARHGEF2	1	1	1	1
GADD45B	CERK	1	1	1	1
GADD45B	FDFT1	1	1	1	1
GADD45B	FKBP4	1	1	1	1
GADD45B	KIF5C	1	1	1	1
GADD45B	MTF2	1	1	1	1
GADD45B	PIGB	1	1	1	1
GADD45B	PPOX	1	1	1	1
GADD45B	RFX5	1	1	1	1
GADD45B	TIMELESS	1	1	1	1
GADD45B	TSEN2	1	1	1	1
GADD45B	USP6NL	1	1	1	1
GADD45B	ZNF274	1	1	1	1
GALE	AARS	1	1	1	1
GALE	ACAT2	1	1	1	1
GALE	ACBD3	1	1	1	1
GALE	BID	1	1	1	1
GALE	BNIP3	1	1	1	1
GALE	CAST	1	1	1	1
GALE	CCP110	1	1	1	1
GALE	CETN3	1	1	1	1
GALE	COG2	1	1	1	1
GALE	FCHO1	1	1	1	1
GALE	FOS	1	1	1	1
GALE	GRB10	1	1	1	1
GALE	PRCP	1	1	1	1
GALE	RNMT	1	1	1	1
GALE	SLC35A3	1	1	1	1
GALE	STK10	1	1	1	1
GALE	STX1A	1	1	1	1
GALE	UTP14A	1	1	1	1
GAPDH	AKT1	1	1	1	1
GAPDH	BDH1	1	1	1	1
GAPDH	ECD	1	1	1	1
GAPDH	FASTKD5	1	1	1	1
GAPDH	GAPDH	1	1	1	1
GAPDH	HIST2H2BE	1	1	1	1
GAPDH	HPRT1	1	1	1	1
GAPDH	KDM5A	1	1	1	1
GAPDH	KIAA0355	1	1	1	1
GAPDH	LRP10	1	1	1	1
GAPDH	PCM1	1	1	1	1
GAPDH	POLE2	1	1	1	1
GAPDH	RNPS1	1	1	1	1
GAPDH	SCAND1	1	1	1	1
GAPDH	SKIV2L	1	1	1	1
GAPDH	STAP2	1	1	1	1
GAPDH	TMED10	1	1	1	1
GAPDH	TOR1A	1	1	1	1
GAPDH	TSPAN6	1	1	1	1
GAPDH	TXNDC9	1	1	1	1
GAPDH	WDTC1	1	1	1	1
GAPDH	ZW10	1	1	1	1
GATA2	BPHL	1	1	1	1
GATA2	CANT1	1	1	1	1
GATA2	DSG2	1	1	1	1
GATA2	FAT1	1	1	1	1
GATA2	GABPB1	1	1	1	1
GATA2	GALE	1	1	1	1
GATA2	IL4R	1	1	1	1
GATA2	MAP2K5	1	1	1	1
GATA2	MFSD10	1	1	1	1
GATA2	MTF2	1	1	1	1
GATA2	NUP62	1	1	1	1
GATA2	OXCT1	1	1	1	1
GATA2	P4HA2	1	1	1	1
GATA2	PTPLAD1	1	1	1	1
GATA2	RAB21	1	1	1	1
GATA2	SPAG4	1	1	1	1
GATA2	TCEAL4	1	1	1	1
GATA2	TRIB3	1	1	1	1
GATA2	TSTA3	1	1	1	1
GATA2	UFM1	1	1	1	1
GATA3	ADAM10	1	1	1	1
GATA3	CAST	1	1	1	1
GATA3	CHERP	1	1	1	1
GATA3	CTNNAL1	1	1	1	1
GATA3	HPRT1	1	1	1	1
GATA3	MYO10	1	1	1	1
GATA3	PYCR1	1	1	1	1
GATA3	RBM6	1	1	1	1
GATA3	SCAND1	1	1	1	1
GATA3	SPAG7	1	1	1	1
GATA3	TCTA	1	1	1	1
GATA3	TM9SF3	1	1	1	1
GATA3	TRAPPC6A	1	1	1	1
GATA3	YME1L1	1	1	1	1
GDPD5	AURKB	1	1	1	1
GDPD5	CDK2	1	1	1	1
GDPD5	DNM1	1	1	1	1
GDPD5	DSG2	1	1	1	1
GDPD5	ERBB3	1	1	1	1
GDPD5	FKBP14	1	1	1	1
GDPD5	HS2ST1	1	1	1	1
GDPD5	KLHL21	1	1	1	1
GDPD5	MSRA	1	1	1	1
GDPD5	MYO10	1	1	1	1
GDPD5	OXA1L	1	1	1	1
GDPD5	PLSCR1	1	1	1	1
GDPD5	PSIP1	1	1	1	1
GDPD5	PSRC1	1	1	1	1
GDPD5	STXBP1	1	1	1	1
GDPD5	TRAP1	1	1	1	1
GDPD5	XPNPEP1	1	1	1	1
GFOD1	ATP11B	1	1	1	1
GFOD1	ATP5S	1	1	1	1
GFOD1	DDX42	1	1	1	1
GFOD1	DLD	1	1	1	1
GFOD1	EXT1	1	1	1	1
GFOD1	GNPDA1	1	1	1	1
GFOD1	GPATCH8	1	1	1	1
GFOD1	HIST2H2BE	1	1	1	1
GFOD1	NUP62	1	1	1	1
GFOD1	PAN2	1	1	1	1
GFOD1	RNPS1	1	1	1	1
GFOD1	RSU1	1	1	1	1
GFOD1	SOX4	1	1	1	1
GFPT1	FAT1	1	1	1	1
GFPT1	NR2F6	1	1	1	1
GFPT1	PAFAH1B3	1	1	1	1
GFPT1	PAK4	1	1	1	1
GFPT1	PLSCR1	1	1	1	1
GFPT1	POLE2	1	1	1	1
GFPT1	PRKCD	1	1	1	1
GFPT1	TRIM13	1	1	1	1
GFPT1	VAV3	1	1	1	1
GLOD4	ARID5B	1	1	1	1
GLOD4	DUSP11	1	1	1	1
GLOD4	DYRK3	1	1	1	1
GLOD4	FBXO21	1	1	1	1
GLOD4	FOS	1	1	1	1
GLOD4	GRB10	1	1	1	1
GLOD4	HIST2H2BE	1	1	1	1
GLOD4	PLSCR1	1	1	1	1
GLOD4	RRP8	1	1	1	1
GLOD4	SLC35F2	1	1	1	1
GLOD4	TCEAL4	1	1	1	1
GLOD4	TCTN1	1	1	1	1
GLRX	APBB2	1	1	1	1
GLRX	CTSD	1	1	1	1
GLRX	DDX10	1	1	1	1
GLRX	DUSP22	1	1	1	1
GLRX	GDPD5	1	1	1	1
GLRX	ILK	1	1	1	1
GLRX	KIAA1279	1	1	1	1
GLRX	ME2	1	1	1	1
GLRX	MSH6	1	1	1	1
GLRX	NVL	1	1	1	1
GLRX	PAFAH1B1	1	1	1	1
GLRX	PLP2	1	1	1	1
GLRX	PXN	1	1	1	1
GLRX	RNPS1	1	1	1	1
GLRX	SUPV3L1	1	1	1	1
GLRX	TRIB1	1	1	1	1
GLRX	TRIB3	1	1	1	1
GLRX	USP1	1	1	1	1
GLRX	ZNF274	1	1	1	1
GMNN	ARNT2	1	1	1	1
GMNN	ATP6V1D	1	1	1	1
GMNN	BAMBI	1	1	1	1
GMNN	DYRK3	1	1	1	1
GMNN	FPGS	1	1	1	1
GMNN	FUT1	1	1	1	1
GMNN	HEBP1	1	1	1	1
GMNN	HOMER2	1	1	1	1
GMNN	INTS3	1	1	1	1
GMNN	PAF1	1	1	1	1
GMNN	PCMT1	1	1	1	1
GMNN	PMAIP1	1	1	1	1
GMNN	PPOX	1	1	1	1
GMNN	PRPF4	1	1	1	1
GMNN	SACM1L	1	1	1	1
GNA11	ATP2C1	1	1	1	1
GNA11	BPHL	1	1	1	1
GNA11	DLD	1	1	1	1
GNA11	DUSP14	1	1	1	1
GNA11	HMG20B	1	1	1	1
GNA11	KIF20A	1	1	1	1
GNA11	LYPLA1	1	1	1	1
GNA11	METRN	1	1	1	1
GNA11	NISCH	1	1	1	1
GNA11	PIH1D1	1	1	1	1
GNA11	PRKACA	1	1	1	1
GNA11	PRR7	1	1	1	1
GNA11	SQRDL	1	1	1	1
GNA11	USP22	1	1	1	1
GNAI2	ATP11B	1	1	1	1
GNAI2	BAG3	1	1	1	1
GNAI2	CLSTN1	1	1	1	1
GNAI2	DCTD	1	1	1	1
GNAI2	DNTTIP2	1	1	1	1
GNAI2	GPR56	1	1	1	1
GNAI2	KIF20A	1	1	1	1
GNAI2	MSRA	1	1	1	1
GNAI2	MYC	1	1	1	1
GNAI2	POLR2K	1	1	1	1
GNAI2	RNPS1	1	1	1	1
GNAI2	SLC35A1	1	1	1	1
GNAI2	SLC35B1	1	1	1	1
GNAI2	XPNPEP1	1	1	1	1
GNAI2	ZMIZ1	1	1	1	1
GNAI2	ZNF318	1	1	1	1
GNAS	ARHGAP1	1	1	1	1
GNAS	ATP6V1D	1	1	1	1
GNAS	CCNF	1	1	1	1
GNAS	DHX29	1	1	1	1
GNAS	INPP4B	1	1	1	1
GNAS	KIAA0355	1	1	1	1
GNAS	KIF2C	1	1	1	1
GNAS	MAST2	1	1	1	1
GNAS	PHKA1	1	1	1	1
GNAS	PRSS23	1	1	1	1
GNAS	RBM6	1	1	1	1
GNAS	RPA2	1	1	1	1
GNAS	SENP6	1	1	1	1
GNAS	ST3GAL5	1	1	1	1
GNAS	XPNPEP1	1	1	1	1
GNAS	XPO7	1	1	1	1
GNAS	ZNF131	1	1	1	1
GNB5	ALDOC	1	1	1	1
GNB5	ARPP19	1	1	1	1
GNB5	AURKA	1	1	1	1
GNB5	CCNF	1	1	1	1
GNB5	CRELD2	1	1	1	1
GNB5	CRTAP	1	1	1	1
GNB5	DUSP11	1	1	1	1
GNB5	EZH2	1	1	1	1
GNB5	FBXL12	1	1	1	1
GNB5	GTF2A2	1	1	1	1
GNB5	IKBKB	1	1	1	1
GNB5	ITGB5	1	1	1	1
GNB5	KIAA0907	1	1	1	1
GNB5	MLEC	1	1	1	1
GNB5	MLLT11	1	1	1	1
GNB5	MTA1	1	1	1	1
GNB5	NMT1	1	1	1	1
GNB5	NR3C1	1	1	1	1
GNB5	OXCT1	1	1	1	1
GNB5	PDHX	1	1	1	1
GNB5	PRAF2	1	1	1	1
GNB5	PUF60	1	1	1	1
GNB5	RFX5	1	1	1	1
GNB5	SSBP2	1	1	1	1
GNB5	TM9SF2	1	1	1	1
GNB5	ZFP36	1	1	1	1
GNB5	ZNF131	1	1	1	1
GNPDA1	BCL2	1	1	1	1
GNPDA1	BNIP3	1	1	1	1
GNPDA1	CCDC86	1	1	1	1
GNPDA1	COPB2	1	1	1	1
GNPDA1	CORO1A	1	1	1	1
GNPDA1	FBXL12	1	1	1	1
GNPDA1	GAPDH	1	1	1	1
GNPDA1	GRWD1	1	1	1	1
GNPDA1	INTS3	1	1	1	1
GNPDA1	KIF2C	1	1	1	1
GNPDA1	LOXL1	1	1	1	1
GNPDA1	NET1	1	1	1	1
GNPDA1	P4HTM	1	1	1	1
GNPDA1	PIK3C2B	1	1	1	1
GNPDA1	RNH1	1	1	1	1
GNPDA1	SNX11	1	1	1	1
GNPDA1	TIMP2	1	1	1	1
GNPDA1	WIPF2	1	1	1	1
GOLT1B	ATP6V1D	1	1	1	1
GOLT1B	CANT1	1	1	1	1
GOLT1B	CCNF	1	1	1	1
GOLT1B	CIAPIN1	1	1	1	1
GOLT1B	CRTAP	1	1	1	1
GOLT1B	DERA	1	1	1	1
GOLT1B	FCHO1	1	1	1	1
GOLT1B	FKBP4	1	1	1	1
GOLT1B	HMG20B	1	1	1	1
GOLT1B	MAPKAPK3	1	1	1	1
GOLT1B	PDLIM1	1	1	1	1
GOLT1B	PRSS23	1	1	1	1
GOLT1B	SLC11A2	1	1	1	1
GOLT1B	SMARCC1	1	1	1	1
GOLT1B	SPTLC2	1	1	1	1
GOLT1B	STK25	1	1	1	1
GOLT1B	TCEA2	1	1	1	1
GOLT1B	TRAPPC6A	1	1	1	1
GPATCH8	ARNT2	1	1	1	1
GPATCH8	CHAC1	1	1	1	1
GPATCH8	DCUN1D4	1	1	1	1
GPATCH8	DUSP14	1	1	1	1
GPATCH8	EAPP	1	1	1	1
GPATCH8	GPC1	1	1	1	1
GPATCH8	HIST2H2BE	1	1	1	1
GPATCH8	INPP1	1	1	1	1
GPATCH8	MCOLN1	1	1	1	1
GPATCH8	SLC35B1	1	1	1	1
GPATCH8	TIMP2	1	1	1	1
GPATCH8	WFS1	1	1	1	1
GPATCH8	XPNPEP1	1	1	1	1
GPATCH8	ZNF318	1	1	1	1
GPC1	BLMH	1	1	1	1
GPC1	DNAJB1	1	1	1	1
GPC1	HERPUD1	1	1	1	1
GPC1	HOOK2	1	1	1	1
GPC1	IKBKAP	1	1	1	1
GPC1	MAP2K5	1	1	1	1
GPC1	NPC1	1	1	1	1
GPC1	SKIV2L	1	1	1	1
GPC1	SPAG4	1	1	1	1
GPC1	STX1A	1	1	1	1
GPR56	ARHGEF2	1	1	1	1
GPR56	ARL4C	1	1	1	1
GPR56	BCL7B	1	1	1	1
GPR56	CNOT4	1	1	1	1
GPR56	DHRS7	1	1	1	1
GPR56	DNMT1	1	1	1	1
GPR56	HES1	1	1	1	1
GPR56	IFRD2	1	1	1	1
GPR56	NOL3	1	1	1	1
GPR56	SLC25A46	1	1	1	1
GPR56	SSBP2	1	1	1	1
GPR56	TIMP2	1	1	1	1
GPR56	ZNF318	1	1	1	1
GRB10	ABL1	1	1	1	1
GRB10	AURKB	1	1	1	1
GRB10	CAT	1	1	1	1
GRB10	CEBPZ	1	1	1	1
GRB10	EAPP	1	1	1	1
GRB10	FOS	1	1	1	1
GRB10	GDPD5	1	1	1	1
GRB10	HDAC6	1	1	1	1
GRB10	HMGCS1	1	1	1	1
GRB10	LAP3	1	1	1	1
GRB10	NUDT9	1	1	1	1
GRB10	PYGL	1	1	1	1
GRB10	SCP2	1	1	1	1
GRB10	SNX11	1	1	1	1
GRB10	SQRDL	1	1	1	1
GRB10	TSEN2	1	1	1	1
GRN	ADAM10	1	1	1	1
GRN	ANO10	1	1	1	1
GRN	CHN1	1	1	1	1
GRN	CXCR4	1	1	1	1
GRN	DNAJB2	1	1	1	1
GRN	EAPP	1	1	1	1
GRN	GATA2	1	1	1	1
GRN	IGF1R	1	1	1	1
GRN	ITGB1BP1	1	1	1	1
GRN	LSM6	1	1	1	1
GRN	MALT1	1	1	1	1
GRN	MAPK9	1	1	1	1
GRN	NFE2L2	1	1	1	1
GRN	NRAS	1	1	1	1
GRN	NUDT9	1	1	1	1
GRN	PAF1	1	1	1	1
GRN	PHGDH	1	1	1	1
GRN	PIH1D1	1	1	1	1
GRN	POLE2	1	1	1	1
GRN	POLR1C	1	1	1	1
GRN	RAE1	1	1	1	1
GRN	RPN1	1	1	1	1
GRN	SLC35A1	1	1	1	1
GRN	TMED10	1	1	1	1
GRN	USP6NL	1	1	1	1
GRN	VPS72	1	1	1	1
GRN	WASF3	1	1	1	1
GRN	ZNF274	1	1	1	1
GRWD1	ADO	1	1	1	1
GRWD1	BDH1	1	1	1	1
GRWD1	CD58	1	1	1	1
GRWD1	CDK2	1	1	1	1
GRWD1	CPSF4	1	1	1	1
GRWD1	GTF2E2	1	1	1	1
GRWD1	KIAA0100	1	1	1	1
GRWD1	KIAA1279	1	1	1	1
GRWD1	KLHL21	1	1	1	1
GRWD1	MAMLD1	1	1	1	1
GRWD1	MBNL1	1	1	1	1
GRWD1	MELK	1	1	1	1
GRWD1	SLC2A6	1	1	1	1
GRWD1	STK25	1	1	1	1
GRWD1	TM9SF2	1	1	1	1
GRWD1	UBE2J1	1	1	1	1
GSTZ1	CAPN1	1	1	1	1
GSTZ1	CAST	1	1	1	1
GSTZ1	DHDDS	1	1	1	1
GSTZ1	GNA11	1	1	1	1
GSTZ1	MBNL2	1	1	1	1
GSTZ1	PLP2	1	1	1	1
GSTZ1	POLE2	1	1	1	1
GSTZ1	POP4	1	1	1	1
GSTZ1	SH3BP5	1	1	1	1
GSTZ1	SLC25A13	1	1	1	1
GSTZ1	TM9SF3	1	1	1	1
GSTZ1	VAV3	1	1	1	1
GTF2A2	BUB1B	1	1	1	1
GTF2A2	CAPN1	1	1	1	1
GTF2A2	CAT	1	1	1	1
GTF2A2	CD97	1	1	1	1
GTF2A2	DRAP1	1	1	1	1
GTF2A2	HEBP1	1	1	1	1
GTF2A2	PHGDH	1	1	1	1
GTF2A2	REEP5	1	1	1	1
GTF2A2	STUB1	1	1	1	1
GTF2A2	USP22	1	1	1	1
GTF2E2	ADAT1	1	1	1	1
GTF2E2	ALAS1	1	1	1	1
GTF2E2	BIRC5	1	1	1	1
GTF2E2	CAST	1	1	1	1
GTF2E2	CBR1	1	1	1	1
GTF2E2	CEBPZ	1	1	1	1
GTF2E2	CXCR4	1	1	1	1
GTF2E2	IGF1R	1	1	1	1
GTF2E2	MSRA	1	1	1	1
GTF2E2	P4HA2	1	1	1	1
GTF2E2	PCM1	1	1	1	1
GTF2E2	SFN	1	1	1	1
GTF2E2	SLC25A46	1	1	1	1
GTF2E2	STK10	1	1	1	1
GTF2E2	TLE1	1	1	1	1
GTF2E2	TRAP1	1	1	1	1
GTPBP8	ADCK3	1	1	1	1
GTPBP8	B3GNT1	1	1	1	1
GTPBP8	BAG3	1	1	1	1
GTPBP8	BIRC5	1	1	1	1
GTPBP8	DENND2D	1	1	1	1
GTPBP8	DNAJB6	1	1	1	1
GTPBP8	FBXL12	1	1	1	1
GTPBP8	KLHL9	1	1	1	1
GTPBP8	LIG1	1	1	1	1
GTPBP8	STK10	1	1	1	1
GTPBP8	XPO7	1	1	1	1
GTPBP8	YKT6	1	1	1	1
H2AFV	ABCC5	1	1	1	1
H2AFV	CDC45	1	1	1	1
H2AFV	DHDDS	1	1	1	1
H2AFV	KLHDC2	1	1	1	1
H2AFV	SLC2A6	1	1	1	1
H2AFV	SPAG7	1	1	1	1
H2AFV	TM9SF2	1	1	1	1
HADH	ABHD6	1	1	1	1
HADH	ACAT2	1	1	1	1
HADH	ATP6V1D	1	1	1	1
HADH	CAST	1	1	1	1
HADH	CD320	1	1	1	1
HADH	CDK2	1	1	1	1
HADH	DHDDS	1	1	1	1
HADH	DNAJB6	1	1	1	1
HADH	DUSP14	1	1	1	1
HADH	MLEC	1	1	1	1
HADH	RRS1	1	1	1	1
HADH	RSU1	1	1	1	1
HADH	RUVBL1	1	1	1	1
HADH	ST6GALNAC2	1	1	1	1
HADH	TMEM97	1	1	1	1
HAT1	ATP6V1D	1	1	1	1
HAT1	BHLHE40	1	1	1	1
HAT1	CDC45	1	1	1	1
HAT1	CFLAR	1	1	1	1
HAT1	DCUN1D4	1	1	1	1
HAT1	FAIM	1	1	1	1
HAT1	GMNN	1	1	1	1
HAT1	GRWD1	1	1	1	1
HAT1	IQGAP1	1	1	1	1
HAT1	LRRC16A	1	1	1	1
HAT1	PLA2G15	1	1	1	1
HAT1	POLR1C	1	1	1	1
HAT1	SNX13	1	1	1	1
HAT1	TIAM1	1	1	1	1
HAT1	TMEM50A	1	1	1	1
HAT1	TNIP1	1	1	1	1
HAT1	TRAPPC6A	1	1	1	1
HAT1	WIPF2	1	1	1	1
HDAC2	AKR7A2	1	1	1	1
HDAC2	APBB2	1	1	1	1
HDAC2	CALU	1	1	1	1
HDAC2	CD44	1	1	1	1
HDAC2	CIRBP	1	1	1	1
HDAC2	DRAP1	1	1	1	1
HDAC2	FUT1	1	1	1	1
HDAC2	LRPAP1	1	1	1	1
HDAC2	MAP4K4	1	1	1	1
HDAC2	NOSIP	1	1	1	1
HDAC2	NUSAP1	1	1	1	1
HDAC2	PIH1D1	1	1	1	1
HDAC2	RPA1	1	1	1	1
HDAC2	RPP38	1	1	1	1
HDAC2	SCARB1	1	1	1	1
HDAC2	SLC25A13	1	1	1	1
HDAC2	TWF2	1	1	1	1
HDAC2	UBE2J1	1	1	1	1
HDAC6	ATG3	1	1	1	1
HDAC6	CAB39	1	1	1	1
HDAC6	CD320	1	1	1	1
HDAC6	CFLAR	1	1	1	1
HDAC6	DCTD	1	1	1	1
HDAC6	DHRS7	1	1	1	1
HDAC6	FOXO4	1	1	1	1
HDAC6	GALE	1	1	1	1
HDAC6	MAP3K4	1	1	1	1
HDAC6	MFSD10	1	1	1	1
HDAC6	MSRA	1	1	1	1
HDAC6	P4HA2	1	1	1	1
HDAC6	PLEKHM1	1	1	1	1
HDAC6	PLSCR1	1	1	1	1
HDAC6	POLG2	1	1	1	1
HDAC6	PRR7	1	1	1	1
HDAC6	RELB	1	1	1	1
HDAC6	RPN1	1	1	1	1
HDAC6	SGCB	1	1	1	1
HDAC6	SLC35A1	1	1	1	1
HDAC6	STAT1	1	1	1	1
HDAC6	TUBB6	1	1	1	1
HDAC6	USP1	1	1	1	1
HDAC6	UTP14A	1	1	1	1
HDAC6	VAV3	1	1	1	1
HEATR1	BACE2	1	1	1	1
HEATR1	BAD	1	1	1	1
HEATR1	CIRBP	1	1	1	1
HEATR1	CYTH1	1	1	1	1
HEATR1	EGFR	1	1	1	1
HEATR1	IER3	1	1	1	1
HEATR1	IL4R	1	1	1	1
HEATR1	KAT6B	1	1	1	1
HEATR1	LYRM1	1	1	1	1
HEATR1	MAPK9	1	1	1	1
HEATR1	MRPS2	1	1	1	1
HEATR1	NFE2L2	1	1	1	1
HEATR1	NNT	1	1	1	1
HEATR1	NR3C1	1	1	1	1
HEATR1	NUP88	1	1	1	1
HEATR1	PCK2	1	1	1	1
HEATR1	SUPV3L1	1	1	1	1
HEATR1	TBX2	1	1	1	1
HEATR1	YKT6	1	1	1	1
HEBP1	BCL2	1	1	1	1
HEBP1	EIF5	1	1	1	1
HEBP1	PDS5A	1	1	1	1
HEBP1	POLG2	1	1	1	1
HEBP1	TRIM2	1	1	1	1
HERC6	ADCK3	1	1	1	1
HERC6	CETN3	1	1	1	1
HERC6	CFLAR	1	1	1	1
HERC6	CRKL	1	1	1	1
HERC6	DDB2	1	1	1	1
HERC6	DECR1	1	1	1	1
HERC6	ERBB2	1	1	1	1
HERC6	FEZ2	1	1	1	1
HERC6	GPC1	1	1	1	1
HERC6	HMGCS1	1	1	1	1
HERC6	HTRA1	1	1	1	1
HERC6	KIAA0907	1	1	1	1
HERC6	MAPK13	1	1	1	1
HERC6	MSRA	1	1	1	1
HERC6	PIP4K2B	1	1	1	1
HERC6	PLS1	1	1	1	1
HERC6	PTPLAD1	1	1	1	1
HERC6	PYCR1	1	1	1	1
HERC6	SCYL3	1	1	1	1
HERC6	SPR	1	1	1	1
HERC6	STAT1	1	1	1	1
HERC6	TFAP2A	1	1	1	1
HERC6	TMEM50A	1	1	1	1
HERC6	TRAPPC3	1	1	1	1
HERC6	TXNL4B	1	1	1	1
HERC6	UBE2L6	1	1	1	1
HERC6	UGDH	1	1	1	1
HERC6	USP14	1	1	1	1
HERC6	XPNPEP1	1	1	1	1
HERPUD1	BACE2	1	1	1	1
HERPUD1	CBR1	1	1	1	1
HERPUD1	CHMP6	1	1	1	1
HERPUD1	CXCR4	1	1	1	1
HERPUD1	KIAA0907	1	1	1	1
HERPUD1	NUDCD3	1	1	1	1
HERPUD1	PRKACA	1	1	1	1
HERPUD1	RPA2	1	1	1	1
HERPUD1	TXLNA	1	1	1	1
HES1	ABL1	1	1	1	1
HES1	ACAT2	1	1	1	1
HES1	BZW2	1	1	1	1
HES1	CAB39	1	1	1	1
HES1	CERK	1	1	1	1
HES1	FKBP4	1	1	1	1
HES1	MALT1	1	1	1	1
HES1	MAPK9	1	1	1	1
HES1	MAPKAPK5	1	1	1	1
HES1	NARFL	1	1	1	1
HES1	PLP2	1	1	1	1
HES1	POLR1C	1	1	1	1
HES1	PRCP	1	1	1	1
HES1	PRUNE	1	1	1	1
HES1	SH3BP5	1	1	1	1
HES1	SMAD3	1	1	1	1
HES1	TMEM2	1	1	1	1
HES1	TOR1A	1	1	1	1
HES1	TRIM2	1	1	1	1
HES1	UBR7	1	1	1	1
HIST2H2BE	ABCC5	1	1	1	1
HIST2H2BE	ABL1	1	1	1	1
HIST2H2BE	CCDC85B	1	1	1	1
HIST2H2BE	CDCA4	1	1	1	1
HIST2H2BE	CIRBP	1	1	1	1
HIST2H2BE	DCK	1	1	1	1
HIST2H2BE	FEZ2	1	1	1	1
HIST2H2BE	HDAC6	1	1	1	1
HIST2H2BE	HIST2H2BE	1	1	1	1
HIST2H2BE	ID2	1	1	1	1
HIST2H2BE	IPO13	1	1	1	1
HIST2H2BE	MCOLN1	1	1	1	1
HIST2H2BE	MRPL19	1	1	1	1
HIST2H2BE	NOLC1	1	1	1	1
HIST2H2BE	PIH1D1	1	1	1	1
HIST2H2BE	PRR15L	1	1	1	1
HIST2H2BE	RFX5	1	1	1	1
HIST2H2BE	SLC25A46	1	1	1	1
HIST2H2BE	SNX13	1	1	1	1
HIST2H2BE	TIMP2	1	1	1	1
HIST2H2BE	TNFRSF21	1	1	1	1
HIST2H2BE	TRIM13	1	1	1	1
HK1	ABCF1	1	1	1	1
HK1	ACAA1	1	1	1	1
HK1	ARHGEF2	1	1	1	1
HK1	BAMBI	1	1	1	1
HK1	BCL7B	1	1	1	1
HK1	CCNB2	1	1	1	1
HK1	CD320	1	1	1	1
HK1	CDC45	1	1	1	1
HK1	CDCA4	1	1	1	1
HK1	DERA	1	1	1	1
HK1	FKBP4	1	1	1	1
HK1	GMNN	1	1	1	1
HK1	KIAA0753	1	1	1	1
HK1	LAP3	1	1	1	1
HK1	OXSR1	1	1	1	1
HK1	POP4	1	1	1	1
HK1	PPP2R3C	1	1	1	1
HK1	SCARB1	1	1	1	1
HK1	TIMP2	1	1	1	1
HK1	TMEM50A	1	1	1	1
HK1	TP53BP2	1	1	1	1
HK1	UFM1	1	1	1	1
HK1	XPNPEP1	1	1	1	1
HK1	ZDHHC6	1	1	1	1
HMG20B	ACLY	1	1	1	1
HMG20B	ARFIP2	1	1	1	1
HMG20B	BZW2	1	1	1	1
HMG20B	CALU	1	1	1	1
HMG20B	CASC3	1	1	1	1
HMG20B	CCNF	1	1	1	1
HMG20B	CHN1	1	1	1	1
HMG20B	CNOT4	1	1	1	1
HMG20B	DDX42	1	1	1	1
HMG20B	DHX29	1	1	1	1
HMG20B	DNAJA3	1	1	1	1
HMG20B	DYNLT3	1	1	1	1
HMG20B	ETFB	1	1	1	1
HMG20B	FKBP4	1	1	1	1
HMG20B	GNB5	1	1	1	1
HMG20B	GRWD1	1	1	1	1
HMG20B	HS2ST1	1	1	1	1
HMG20B	INPP4B	1	1	1	1
HMG20B	LGALS8	1	1	1	1
HMG20B	MPZL1	1	1	1	1
HMG20B	NARFL	1	1	1	1
HMG20B	PAN2	1	1	1	1
HMG20B	PDLIM1	1	1	1	1
HMG20B	RNF167	1	1	1	1
HMG20B	RPA2	1	1	1	1
HMG20B	SQRDL	1	1	1	1
HMG20B	ST3GAL5	1	1	1	1
HMG20B	STUB1	1	1	1	1
HMG20B	STX1A	1	1	1	1
HMG20B	TES	1	1	1	1
HMG20B	TRIB1	1	1	1	1
HMG20B	TSPAN6	1	1	1	1
HMGCR	B3GNT1	1	1	1	1
HMGCR	BID	1	1	1	1
HMGCR	CBR1	1	1	1	1
HMGCR	HSPA4	1	1	1	1
HMGCR	ITGB1BP1	1	1	1	1
HMGCR	MAPKAPK5	1	1	1	1
HMGCR	NFE2L2	1	1	1	1
HMGCR	PRKCD	1	1	1	1
HMGCR	RNF167	1	1	1	1
HMGCR	SCP2	1	1	1	1
HMGCR	ZMIZ1	1	1	1	1
HMGCS1	ABCC5	1	1	1	1
HMGCS1	AURKA	1	1	1	1
HMGCS1	CERK	1	1	1	1
HMGCS1	CFLAR	1	1	1	1
HMGCS1	FOXJ3	1	1	1	1
HMGCS1	FUT1	1	1	1	1
HMGCS1	GLRX	1	1	1	1
HMGCS1	HDAC6	1	1	1	1
HMGCS1	KCTD5	1	1	1	1
HMGCS1	LRRC41	1	1	1	1
HMGCS1	PAFAH1B3	1	1	1	1
HMGCS1	SPAG4	1	1	1	1
HMGCS1	TP53BP2	1	1	1	1
HMGCS1	TRAM2	1	1	1	1
HMGCS1	UBQLN2	1	1	1	1
HMGCS1	WDTC1	1	1	1	1
HN1L	ARID4B	1	1	1	1
HN1L	ATP11B	1	1	1	1
HN1L	ATP1B1	1	1	1	1
HN1L	BLMH	1	1	1	1
HN1L	C2CD2L	1	1	1	1
HN1L	CCNF	1	1	1	1
HN1L	CETN3	1	1	1	1
HN1L	CHMP6	1	1	1	1
HN1L	CSNK2A2	1	1	1	1
HN1L	CTNNAL1	1	1	1	1
HN1L	CTSD	1	1	1	1
HN1L	FAH	1	1	1	1
HN1L	FAIM	1	1	1	1
HN1L	FKBP4	1	1	1	1
HN1L	G3BP1	1	1	1	1
HN1L	GADD45A	1	1	1	1
HN1L	GATA3	1	1	1	1
HN1L	GLOD4	1	1	1	1
HN1L	GLRX	1	1	1	1
HN1L	GMNN	1	1	1	1
HN1L	GRWD1	1	1	1	1
HN1L	HMG20B	1	1	1	1
HN1L	HYOU1	1	1	1	1
HN1L	KDM3A	1	1	1	1
HN1L	LSR	1	1	1	1
HN1L	MAMLD1	1	1	1	1
HN1L	MAPKAPK5	1	1	1	1
HN1L	NMT1	1	1	1	1
HN1L	NPC1	1	1	1	1
HN1L	PAFAH1B3	1	1	1	1
HN1L	PHGDH	1	1	1	1
HN1L	PNKP	1	1	1	1
HN1L	RAB31	1	1	1	1
HN1L	RAB4A	1	1	1	1
HN1L	RAD51C	1	1	1	1
HN1L	RBKS	1	1	1	1
HN1L	RFC2	1	1	1	1
HN1L	SCYL3	1	1	1	1
HN1L	SKIV2L	1	1	1	1
HN1L	TCEAL4	1	1	1	1
HN1L	TM9SF3	1	1	1	1
HN1L	TRIM2	1	1	1	1
HN1L	TSC22D3	1	1	1	1
HN1L	UGDH	1	1	1	1
HN1L	VPS28	1	1	1	1
HN1L	XPO7	1	1	1	1
HN1L	YKT6	1	1	1	1
HOMER2	ADI1	1	1	1	1
HOMER2	ADO	1	1	1	1
HOMER2	AKAP8	1	1	1	1
HOMER2	ATP6V1D	1	1	1	1
HOMER2	FAM69A	1	1	1	1
HOMER2	GNPDA1	1	1	1	1
HOMER2	HDAC6	1	1	1	1
HOMER2	ILK	1	1	1	1
HOMER2	KEAP1	1	1	1	1
HOMER2	LAMA3	1	1	1	1
HOMER2	MSH6	1	1	1	1
HOMER2	NUDT9	1	1	1	1
HOMER2	PPOX	1	1	1	1
HOMER2	PTPLAD1	1	1	1	1
HOMER2	S100A4	1	1	1	1
HOMER2	ST3GAL5	1	1	1	1
HOMER2	UBR7	1	1	1	1
HOOK2	DECR1	1	1	1	1
HOOK2	FAH	1	1	1	1
HOOK2	FIS1	1	1	1	1
HOOK2	FPGS	1	1	1	1
HOOK2	GATA3	1	1	1	1
HOOK2	HSPA4	1	1	1	1
HOOK2	PLA2G15	1	1	1	1
HOOK2	PRUNE	1	1	1	1
HOXA10	BECN1	1	1	1	1
HOXA10	BID	1	1	1	1
HOXA10	CLIC4	1	1	1	1
HOXA10	DDR1	1	1	1	1
HOXA10	EBNA1BP2	1	1	1	1
HOXA10	GNA11	1	1	1	1
HOXA10	PCK2	1	1	1	1
HOXA10	PPP2R5A	1	1	1	1
HOXA10	PRR7	1	1	1	1
HOXA10	RBKS	1	1	1	1
HOXA10	UBR7	1	1	1	1
HOXA10	ZFP36	1	1	1	1
HOXA5	CAST	1	1	1	1
HOXA5	DCK	1	1	1	1
HOXA5	FAIM	1	1	1	1
HOXA5	FOXJ3	1	1	1	1
HOXA5	HOMER2	1	1	1	1
HOXA5	HSPA4	1	1	1	1
HOXA5	PSIP1	1	1	1	1
HOXA5	RAB27A	1	1	1	1
HOXA5	RNMT	1	1	1	1
HOXA5	RRP1B	1	1	1	1
HOXA5	TRAPPC3	1	1	1	1
HOXA5	ZNF586	1	1	1	1
HPRT1	ARNT2	1	1	1	1
HPRT1	BUB1B	1	1	1	1
HPRT1	CHN1	1	1	1	1
HPRT1	DCTD	1	1	1	1
HPRT1	GAA	1	1	1	1
HPRT1	MOK	1	1	1	1
HPRT1	PTPLAD1	1	1	1	1
HPRT1	RUVBL1	1	1	1	1
HS2ST1	CASC3	1	1	1	1
HS2ST1	CD44	1	1	1	1
HS2ST1	CTNNAL1	1	1	1	1
HS2ST1	FAM69A	1	1	1	1
HS2ST1	FBXO21	1	1	1	1
HS2ST1	HEATR1	1	1	1	1
HS2ST1	HIST2H2BE	1	1	1	1
HS2ST1	ISOC1	1	1	1	1
HS2ST1	KIF20A	1	1	1	1
HS2ST1	MTHFD2	1	1	1	1
HS2ST1	NARFL	1	1	1	1
HS2ST1	PPIE	1	1	1	1
HS2ST1	PTK2	1	1	1	1
HS2ST1	RAE1	1	1	1	1
HS2ST1	RPA2	1	1	1	1
HS2ST1	SLC25A13	1	1	1	1
HS2ST1	SPR	1	1	1	1
HS2ST1	TNFRSF21	1	1	1	1
HS2ST1	TSPAN6	1	1	1	1
HS2ST1	WASF3	1	1	1	1
HSD17B11	BHLHE40	1	1	1	1
HSD17B11	CAB39	1	1	1	1
HSD17B11	GDPD5	1	1	1	1
HSD17B11	INTS3	1	1	1	1
HSD17B11	MAPKAPK5	1	1	1	1
HSD17B11	MYC	1	1	1	1
HSD17B11	NR1H2	1	1	1	1
HSD17B11	NUDT9	1	1	1	1
HSD17B11	POP4	1	1	1	1
HSD17B11	PPP2R5A	1	1	1	1
HSD17B11	PRR7	1	1	1	1
HSD17B11	PRUNE	1	1	1	1
HSD17B11	RAB11FIP2	1	1	1	1
HSD17B11	TCTN1	1	1	1	1
HSD17B11	TMEM2	1	1	1	1
HSD17B11	UBE2C	1	1	1	1
HSD17B11	UBR7	1	1	1	1
HSD17B11	USP14	1	1	1	1
HSD17B11	WRB	1	1	1	1
HSPA4	AGL	1	1	1	1
HSPA4	B3GNT1	1	1	1	1
HSPA4	BCL2	1	1	1	1
HSPA4	CENPE	1	1	1	1
HSPA4	CREG1	1	1	1	1
HSPA4	DCTD	1	1	1	1
HSPA4	ENOPH1	1	1	1	1
HSPA4	MTA1	1	1	1	1
HSPA4	PSMD10	1	1	1	1
HSPA4	REEP5	1	1	1	1
HSPA4	ST6GALNAC2	1	1	1	1
HSPA4	TM9SF3	1	1	1	1
HTATSF1	ADCK3	1	1	1	1
HTATSF1	G3BP1	1	1	1	1
HTATSF1	HERPUD1	1	1	1	1
HTATSF1	LRRC41	1	1	1	1
HTATSF1	MAPKAPK3	1	1	1	1
HTATSF1	MVP	1	1	1	1
HTATSF1	RPIA	1	1	1	1
HTATSF1	SKIV2L	1	1	1	1
HTATSF1	UBE2C	1	1	1	1
HTATSF1	WRB	1	1	1	1
HTATSF1	ZMIZ1	1	1	1	1
HTRA1	AARS	1	1	1	1
HTRA1	ARHGAP1	1	1	1	1
HTRA1	CDH3	1	1	1	1
HTRA1	CETN3	1	1	1	1
HTRA1	CIRBP	1	1	1	1
HTRA1	CLPX	1	1	1	1
HTRA1	COPS7A	1	1	1	1
HTRA1	DCK	1	1	1	1
HTRA1	EBNA1BP2	1	1	1	1
HTRA1	ENOPH1	1	1	1	1
HTRA1	GRB10	1	1	1	1
HTRA1	HYOU1	1	1	1	1
HTRA1	LGMN	1	1	1	1
HTRA1	NUCB2	1	1	1	1
HTRA1	POLE2	1	1	1	1
HTRA1	PSMD10	1	1	1	1
HTRA1	STXBP1	1	1	1	1
HTRA1	TM9SF2	1	1	1	1
HTRA1	TMEM109	1	1	1	1
HTRA1	VAPB	1	1	1	1
HTRA1	ZW10	1	1	1	1
HYOU1	ANKRD10	1	1	1	1
HYOU1	BAMBI	1	1	1	1
HYOU1	BZW2	1	1	1	1
HYOU1	DERA	1	1	1	1
HYOU1	GRWD1	1	1	1	1
HYOU1	GTPBP8	1	1	1	1
HYOU1	HDAC2	1	1	1	1
HYOU1	ILK	1	1	1	1
HYOU1	INPP4B	1	1	1	1
HYOU1	KCTD5	1	1	1	1
HYOU1	MBTPS1	1	1	1	1
HYOU1	NIT1	1	1	1	1
HYOU1	PSMG1	1	1	1	1
HYOU1	SCCPDH	1	1	1	1
HYOU1	SPDEF	1	1	1	1
HYOU1	TOP2A	1	1	1	1
IARS2	AARS	1	1	1	1
IARS2	ATMIN	1	1	1	1
IARS2	CAMSAP2	1	1	1	1
IARS2	CIRBP	1	1	1	1
IARS2	DNM1	1	1	1	1
IARS2	GDPD5	1	1	1	1
IARS2	IKBKAP	1	1	1	1
IARS2	IKBKB	1	1	1	1
IARS2	PYCR1	1	1	1	1
IARS2	RRP8	1	1	1	1
IARS2	TXNL4B	1	1	1	1
IARS2	WDTC1	1	1	1	1
ICAM3	APPBP2	1	1	1	1
ICAM3	ARHGAP1	1	1	1	1
ICAM3	B3GNT1	1	1	1	1
ICAM3	EGFR	1	1	1	1
ICAM3	FBXO7	1	1	1	1
ICAM3	GNAI2	1	1	1	1
ICAM3	HTRA1	1	1	1	1
ICAM3	HYOU1	1	1	1	1
ICAM3	KAT6B	1	1	1	1
ICAM3	KDM5B	1	1	1	1
ICAM3	LRRC41	1	1	1	1
ICAM3	MAP2K5	1	1	1	1
ICAM3	PAF1	1	1	1	1
ICAM3	PAK4	1	1	1	1
ICAM3	SCYL3	1	1	1	1
ICAM3	SNX7	1	1	1	1
ICAM3	STK10	1	1	1	1
ICAM3	TCEAL4	1	1	1	1
ICAM3	TRAPPC3	1	1	1	1
ICAM3	TXLNA	1	1	1	1
ICMT	ARNT2	1	1	1	1
ICMT	CHERP	1	1	1	1
ICMT	CHIC2	1	1	1	1
ICMT	DYRK3	1	1	1	1
ICMT	FAIM	1	1	1	1
ICMT	FOS	1	1	1	1
ICMT	HES1	1	1	1	1
ICMT	HMGCR	1	1	1	1
ICMT	MAPK1IP1L	1	1	1	1
ICMT	TOR1A	1	1	1	1
ICMT	UBE3B	1	1	1	1
ID2	ACOT9	1	1	1	1
ID2	CTTN	1	1	1	1
ID2	FDFT1	1	1	1	1
ID2	GNAS	1	1	1	1
ID2	H2AFV	1	1	1	1
ID2	LSR	1	1	1	1
ID2	MAP3K4	1	1	1	1
ID2	NET1	1	1	1	1
ID2	OXA1L	1	1	1	1
ID2	OXCT1	1	1	1	1
ID2	POLR2I	1	1	1	1
ID2	RAB21	1	1	1	1
ID2	SCP2	1	1	1	1
IDE	ADH5	1	1	1	1
IDE	AURKB	1	1	1	1
IDE	BACE2	1	1	1	1
IDE	BIRC5	1	1	1	1
IDE	CALU	1	1	1	1
IDE	CLTB	1	1	1	1
IDE	DDB2	1	1	1	1
IDE	DMTF1	1	1	1	1
IDE	ELAC2	1	1	1	1
IDE	ERBB2	1	1	1	1
IDE	GATA2	1	1	1	1
IDE	IGF1R	1	1	1	1
IDE	INTS3	1	1	1	1
IDE	IQGAP1	1	1	1	1
IDE	MELK	1	1	1	1
IDE	MSH6	1	1	1	1
IDE	MYC	1	1	1	1
IDE	NOSIP	1	1	1	1
IDE	NUCB2	1	1	1	1
IDE	PSIP1	1	1	1	1
IDE	RAD51C	1	1	1	1
IDE	RBM15B	1	1	1	1
IDE	RPS6KA1	1	1	1	1
IDE	VAV3	1	1	1	1
IER3	ARHGEF2	1	1	1	1
IER3	COG2	1	1	1	1
IER3	DHRS7	1	1	1	1
IER3	DSG2	1	1	1	1
IER3	PPARG	1	1	1	1
IER3	SKIV2L	1	1	1	1
IER3	TBX2	1	1	1	1
IER3	ZNF274	1	1	1	1
IFRD2	ADO	1	1	1	1
IFRD2	AGL	1	1	1	1
IFRD2	C2CD2L	1	1	1	1
IFRD2	CCP110	1	1	1	1
IFRD2	CTSD	1	1	1	1
IFRD2	EPRS	1	1	1	1
IFRD2	HS2ST1	1	1	1	1
IFRD2	ITGB1BP1	1	1	1	1
IFRD2	PCBD1	1	1	1	1
IFRD2	PEX11A	1	1	1	1
IFRD2	RNMT	1	1	1	1
IFRD2	SMARCA4	1	1	1	1
IFRD2	TRIB1	1	1	1	1
IFRD2	TSEN2	1	1	1	1
IFRD2	TUBB6	1	1	1	1
IFRD2	UBE3C	1	1	1	1
IFRD2	XPO7	1	1	1	1
IFRD2	ZW10	1	1	1	1
IGF1R	DNAJB2	1	1	1	1
IGF1R	SPRED2	1	1	1	1
IGF1R	TBX2	1	1	1	1
IGF1R	TIMM17B	1	1	1	1
IGF1R	UFM1	1	1	1	1
IGF2R	ABCF3	1	1	1	1
IGF2R	ADAM10	1	1	1	1
IGF2R	ARID5B	1	1	1	1
IGF2R	ATP5S	1	1	1	1
IGF2R	CAB39	1	1	1	1
IGF2R	CSNK2A2	1	1	1	1
IGF2R	DDX42	1	1	1	1
IGF2R	FASTKD5	1	1	1	1
IGF2R	IARS2	1	1	1	1
IGF2R	IKBKB	1	1	1	1
IGF2R	KAT6B	1	1	1	1
IGF2R	KDELR2	1	1	1	1
IGF2R	LAMA3	1	1	1	1
IGF2R	PIGB	1	1	1	1
IGF2R	PLS1	1	1	1	1
IGF2R	RAD51C	1	1	1	1
IGF2R	RPA1	1	1	1	1
IGF2R	RPA2	1	1	1	1
IGF2R	SNX7	1	1	1	1
IGF2R	SOX4	1	1	1	1
IGF2R	SPAG7	1	1	1	1
IGF2R	SSBP2	1	1	1	1
IGF2R	STX1A	1	1	1	1
IGF2R	TATDN2	1	1	1	1
IGF2R	TRAPPC3	1	1	1	1
IGF2R	VAV3	1	1	1	1
IGF2R	ZFP36	1	1	1	1
IGF2R	ZNF451	1	1	1	1
IGHMBP2	ATMIN	1	1	1	1
IGHMBP2	BAD	1	1	1	1
IGHMBP2	BAG3	1	1	1	1
IGHMBP2	CD320	1	1	1	1
IGHMBP2	CETN3	1	1	1	1
IGHMBP2	CLPX	1	1	1	1
IGHMBP2	DNAJB6	1	1	1	1
IGHMBP2	FBXL12	1	1	1	1
IGHMBP2	FBXO7	1	1	1	1
IGHMBP2	FOS	1	1	1	1
IGHMBP2	GAA	1	1	1	1
IGHMBP2	MAP4K4	1	1	1	1
IGHMBP2	PARP2	1	1	1	1
IGHMBP2	PCBD1	1	1	1	1
IGHMBP2	PDS5A	1	1	1	1
IGHMBP2	PRPF4	1	1	1	1
IGHMBP2	RPA1	1	1	1	1
IGHMBP2	SCARB1	1	1	1	1
IGHMBP2	TRIB3	1	1	1	1
IGHMBP2	TSPAN6	1	1	1	1
IGHMBP2	USP14	1	1	1	1
IGHMBP2	YKT6	1	1	1	1
IGHMBP2	ZDHHC6	1	1	1	1
IKBKAP	ADO	1	1	1	1
IKBKAP	ARID5B	1	1	1	1
IKBKAP	CFLAR	1	1	1	1
IKBKAP	DHRS7	1	1	1	1
IKBKAP	FAIM	1	1	1	1
IKBKAP	GNAI2	1	1	1	1
IKBKAP	IKBKAP	1	1	1	1
IKBKAP	KAT6A	1	1	1	1
IKBKAP	NISCH	1	1	1	1
IKBKAP	NUDT9	1	1	1	1
IKBKAP	PGRMC1	1	1	1	1
IKBKAP	PUF60	1	1	1	1
IKBKAP	RBM6	1	1	1	1
IKBKAP	TATDN2	1	1	1	1
IKBKB	CHIC2	1	1	1	1
IKBKB	CHN1	1	1	1	1
IKBKB	HPRT1	1	1	1	1
IKBKB	LAMA3	1	1	1	1
IKBKB	LIG1	1	1	1	1
IKBKB	LRP10	1	1	1	1
IKBKB	LRRC16A	1	1	1	1
IKBKB	MAST2	1	1	1	1
IKBKB	NRAS	1	1	1	1
IKBKB	PAK4	1	1	1	1
IKBKB	PAN2	1	1	1	1
IKBKB	POLE2	1	1	1	1
IKBKB	POLR1C	1	1	1	1
IKBKB	PRAF2	1	1	1	1
IKBKB	STK10	1	1	1	1
IKBKB	THAP11	1	1	1	1
IKBKB	TRAPPC6A	1	1	1	1
IKBKB	TRIM2	1	1	1	1
IKBKB	WFS1	1	1	1	1
IKBKB	WRB	1	1	1	1
IKBKB	ZFP36	1	1	1	1
IKBKE	CDH3	1	1	1	1
IKBKE	CGRRF1	1	1	1	1
IKBKE	CHERP	1	1	1	1
IKBKE	CRKL	1	1	1	1
IKBKE	DDIT4	1	1	1	1
IKBKE	DECR1	1	1	1	1
IKBKE	FBXO7	1	1	1	1
IKBKE	GLRX	1	1	1	1
IKBKE	GPC1	1	1	1	1
IKBKE	HYOU1	1	1	1	1
IKBKE	IKBKAP	1	1	1	1
IKBKE	ILK	1	1	1	1
IKBKE	KLHL9	1	1	1	1
IKBKE	MPZL1	1	1	1	1
IKBKE	MVP	1	1	1	1
IKBKE	NR1H2	1	1	1	1
IKBKE	PAFAH1B1	1	1	1	1
IKBKE	PAFAH1B3	1	1	1	1
IKBKE	PCMT1	1	1	1	1
IKBKE	PECR	1	1	1	1
IKBKE	PNKP	1	1	1	1
IKBKE	PYGL	1	1	1	1
IKBKE	RELB	1	1	1	1
IKBKE	RPA1	1	1	1	1
IKBKE	SACM1L	1	1	1	1
IKBKE	SLC2A6	1	1	1	1
IKBKE	TWF2	1	1	1	1
IKBKE	UBE3B	1	1	1	1
IKBKE	UBQLN2	1	1	1	1
IKBKE	UBR7	1	1	1	1
IKBKE	WFS1	1	1	1	1
IL13RA1	ATP6V1D	1	1	1	1
IL13RA1	BCL7B	1	1	1	1
IL13RA1	CCNB2	1	1	1	1
IL13RA1	CD97	1	1	1	1
IL13RA1	CHEK2	1	1	1	1
IL13RA1	CRYZ	1	1	1	1
IL13RA1	DHDDS	1	1	1	1
IL13RA1	DRAP1	1	1	1	1
IL13RA1	ME2	1	1	1	1
IL13RA1	MYO10	1	1	1	1
IL13RA1	PRSS23	1	1	1	1
IL13RA1	PTPRK	1	1	1	1
IL13RA1	S100A4	1	1	1	1
IL13RA1	SQRDL	1	1	1	1
IL13RA1	SSBP2	1	1	1	1
IL13RA1	UBE3C	1	1	1	1
IL13RA1	WASF3	1	1	1	1
IL4R	BAD	1	1	1	1
IL4R	BLMH	1	1	1	1
IL4R	CD97	1	1	1	1
IL4R	COG2	1	1	1	1
IL4R	COG7	1	1	1	1
IL4R	CSRP1	1	1	1	1
IL4R	EML3	1	1	1	1
IL4R	FOXJ3	1	1	1	1
IL4R	FSD1	1	1	1	1
IL4R	GADD45B	1	1	1	1
IL4R	GPR56	1	1	1	1
IL4R	HDAC6	1	1	1	1
IL4R	IQGAP1	1	1	1	1
IL4R	ITGAE	1	1	1	1
IL4R	LGMN	1	1	1	1
IL4R	PAF1	1	1	1	1
IL4R	PEX11A	1	1	1	1
IL4R	PTPN12	1	1	1	1
IL4R	TSPAN6	1	1	1	1
IL4R	YKT6	1	1	1	1
ILK	ADAM10	1	1	1	1
ILK	CCNB2	1	1	1	1
ILK	DUSP11	1	1	1	1
ILK	GRWD1	1	1	1	1
ILK	IGHMBP2	1	1	1	1
ILK	KAT6B	1	1	1	1
ILK	LSM6	1	1	1	1
ILK	NENF	1	1	1	1
ILK	RAD9A	1	1	1	1
ILK	SPAG4	1	1	1	1
ILK	TM9SF3	1	1	1	1
INPP1	ATG3	1	1	1	1
INPP1	CEP57	1	1	1	1
INPP1	DDIT4	1	1	1	1
INPP1	FBXO7	1	1	1	1
INPP1	FUT1	1	1	1	1
INPP1	GATA2	1	1	1	1
INPP1	GDPD5	1	1	1	1
INPP1	KLHL9	1	1	1	1
INPP1	NRIP1	1	1	1	1
INPP1	PLSCR1	1	1	1	1
INPP1	POLR2I	1	1	1	1
INPP1	TCEA2	1	1	1	1
INPP1	TRIM2	1	1	1	1
INPP1	UBE2A	1	1	1	1
INPP1	WFS1	1	1	1	1
INPP4B	CHEK2	1	1	1	1
INPP4B	DHRS7	1	1	1	1
INPP4B	LRRC41	1	1	1	1
INPP4B	NIT1	1	1	1	1
INPP4B	NUP62	1	1	1	1
INPP4B	PAFAH1B3	1	1	1	1
INPP4B	RPA2	1	1	1	1
INPP4B	UTP14A	1	1	1	1
INSIG1	ABL1	1	1	1	1
INSIG1	ATP6V1D	1	1	1	1
INSIG1	CASC3	1	1	1	1
INSIG1	CAT	1	1	1	1
INSIG1	DHDDS	1	1	1	1
INSIG1	DHRS7	1	1	1	1
INSIG1	DNM1	1	1	1	1
INSIG1	DUSP14	1	1	1	1
INSIG1	GABPB1	1	1	1	1
INSIG1	NMT1	1	1	1	1
INSIG1	RAE1	1	1	1	1
INSIG1	RNH1	1	1	1	1
INSIG1	TMCO1	1	1	1	1
INSIG1	TRAPPC6A	1	1	1	1
INSIG1	VAV3	1	1	1	1
INTS3	CCNF	1	1	1	1
INTS3	CD320	1	1	1	1
INTS3	CENPE	1	1	1	1
INTS3	CISD1	1	1	1	1
INTS3	ECH1	1	1	1	1
INTS3	EVL	1	1	1	1
INTS3	FPGS	1	1	1	1
INTS3	GATA3	1	1	1	1
INTS3	KIAA0753	1	1	1	1
INTS3	KIF20A	1	1	1	1
INTS3	NIT1	1	1	1	1
INTS3	NSDHL	1	1	1	1
INTS3	PIN1	1	1	1	1
INTS3	PKIG	1	1	1	1
INTS3	PPIC	1	1	1	1
INTS3	PSMD10	1	1	1	1
INTS3	RNH1	1	1	1	1
INTS3	RPA2	1	1	1	1
INTS3	RPL39L	1	1	1	1
INTS3	SH3BP5	1	1	1	1
INTS3	SLC5A6	1	1	1	1
INTS3	TCTA	1	1	1	1
INTS3	TNFRSF21	1	1	1	1
INTS3	VAPB	1	1	1	1
IPO13	AKR7A2	1	1	1	1
IPO13	AKT1	1	1	1	1
IPO13	ARID5B	1	1	1	1
IPO13	ATP11B	1	1	1	1
IPO13	BIRC5	1	1	1	1
IPO13	BLMH	1	1	1	1
IPO13	DNM1	1	1	1	1
IPO13	DYNLT3	1	1	1	1
IPO13	FBXO7	1	1	1	1
IPO13	HES1	1	1	1	1
IPO13	HOXA5	1	1	1	1
IPO13	HYOU1	1	1	1	1
IPO13	LRP10	1	1	1	1
IPO13	ME2	1	1	1	1
IPO13	MRPL19	1	1	1	1
IPO13	MSH6	1	1	1	1
IPO13	PAF1	1	1	1	1
IPO13	PIH1D1	1	1	1	1
IPO13	POLE2	1	1	1	1
IPO13	PPIE	1	1	1	1
IPO13	PUF60	1	1	1	1
IPO13	PYCR1	1	1	1	1
IPO13	SKIV2L	1	1	1	1
IPO13	ST6GALNAC2	1	1	1	1
IPO13	ST7	1	1	1	1
IPO13	STUB1	1	1	1	1
IPO13	TRAPPC3	1	1	1	1
IPO13	UBE2J1	1	1	1	1
IPO13	USP6NL	1	1	1	1
IPO13	ZMIZ1	1	1	1	1
IQGAP1	ANO10	1	1	1	1
IQGAP1	ANXA7	1	1	1	1
IQGAP1	ASCC3	1	1	1	1
IQGAP1	ATG3	1	1	1	1
IQGAP1	CSNK2A2	1	1	1	1
IQGAP1	HDAC2	1	1	1	1
IQGAP1	HMG20B	1	1	1	1
IQGAP1	MAN2B1	1	1	1	1
IQGAP1	RGS2	1	1	1	1
IQGAP1	SMC4	1	1	1	1
IQGAP1	SYNE2	1	1	1	1
IQGAP1	YKT6	1	1	1	1
ISOC1	AURKA	1	1	1	1
ISOC1	CAST	1	1	1	1
ISOC1	CIRBP	1	1	1	1
ISOC1	CSNK2A2	1	1	1	1
ISOC1	FAM20B	1	1	1	1
ISOC1	GRWD1	1	1	1	1
ISOC1	MAP4K4	1	1	1	1
ISOC1	MCM3	1	1	1	1
ISOC1	NIT1	1	1	1	1
ISOC1	ORC1	1	1	1	1
ISOC1	PNP	1	1	1	1
ISOC1	PRR7	1	1	1	1
ISOC1	SMAD3	1	1	1	1
ISOC1	SSBP2	1	1	1	1
ISOC1	TCTA	1	1	1	1
ISOC1	TEX10	1	1	1	1
ISOC1	TRIB3	1	1	1	1
ISOC1	TSTA3	1	1	1	1
ISOC1	TXNDC9	1	1	1	1
ITFG1	AKAP8L	1	1	1	1
ITFG1	ATP11B	1	1	1	1
ITFG1	BCL2	1	1	1	1
ITFG1	COPB2	1	1	1	1
ITFG1	CPNE3	1	1	1	1
ITFG1	CRYZ	1	1	1	1
ITFG1	ECH1	1	1	1	1
ITFG1	HES1	1	1	1	1
ITFG1	HYOU1	1	1	1	1
ITFG1	KCNK1	1	1	1	1
ITFG1	KIF2C	1	1	1	1
ITFG1	NR3C1	1	1	1	1
ITFG1	PRR15L	1	1	1	1
ITFG1	PRUNE	1	1	1	1
ITFG1	SLC35B1	1	1	1	1
ITFG1	TMED10	1	1	1	1
ITFG1	TRIB1	1	1	1	1
ITFG1	ZNF318	1	1	1	1
ITGAE	ADAT1	1	1	1	1
ITGAE	DDR1	1	1	1	1
ITGAE	EAPP	1	1	1	1
ITGAE	KIAA0355	1	1	1	1
ITGAE	RELB	1	1	1	1
ITGAE	SNX13	1	1	1	1
ITGAE	STAP2	1	1	1	1
ITGAE	STX4	1	1	1	1
ITGB1BP1	ACAT2	1	1	1	1
ITGB1BP1	CD44	1	1	1	1
ITGB1BP1	CDH3	1	1	1	1
ITGB1BP1	CSNK2A2	1	1	1	1
ITGB1BP1	FHL2	1	1	1	1
ITGB1BP1	FOS	1	1	1	1
ITGB1BP1	GATA2	1	1	1	1
ITGB1BP1	HYOU1	1	1	1	1
ITGB1BP1	LGMN	1	1	1	1
ITGB1BP1	MSRA	1	1	1	1
ITGB1BP1	PAPD7	1	1	1	1
ITGB1BP1	POLD4	1	1	1	1
ITGB1BP1	POLE2	1	1	1	1
ITGB1BP1	PSMD10	1	1	1	1
ITGB1BP1	SQRDL	1	1	1	1
ITGB1BP1	TATDN2	1	1	1	1
ITGB1BP1	TWF2	1	1	1	1
ITGB1BP1	WASF3	1	1	1	1
ITGB5	ASCC3	1	1	1	1
ITGB5	CIRBP	1	1	1	1
ITGB5	CLTB	1	1	1	1
ITGB5	EPRS	1	1	1	1
ITGB5	HEATR1	1	1	1	1
ITGB5	MAP2K5	1	1	1	1
ITGB5	PNKP	1	1	1	1
ITGB5	PPP2R5A	1	1	1	1
ITGB5	RNH1	1	1	1	1
ITGB5	SLC37A4	1	1	1	1
ITGB5	SLC5A6	1	1	1	1
ITGB5	SMARCC1	1	1	1	1
ITGB5	TM9SF2	1	1	1	1
ITGB5	ZMIZ1	1	1	1	1
JMJD6	BZW2	1	1	1	1
JMJD6	CDCA4	1	1	1	1
JMJD6	ICAM3	1	1	1	1
JMJD6	MAP4K4	1	1	1	1
JMJD6	MBNL1	1	1	1	1
JMJD6	MYO10	1	1	1	1
JMJD6	NUDT9	1	1	1	1
JMJD6	P4HTM	1	1	1	1
JMJD6	PRKACA	1	1	1	1
JMJD6	RELB	1	1	1	1
JMJD6	RFC2	1	1	1	1
JMJD6	RPL39L	1	1	1	1
JMJD6	SLC25A13	1	1	1	1
JMJD6	TBX2	1	1	1	1
JMJD6	TMCO1	1	1	1	1
JMJD6	TOPBP1	1	1	1	1
JMJD6	VAT1	1	1	1	1
JUN	ABCC5	1	1	1	1
JUN	CSK	1	1	1	1
JUN	DENND2D	1	1	1	1
JUN	EPB41L2	1	1	1	1
JUN	KIAA0907	1	1	1	1
JUN	KIF5C	1	1	1	1
JUN	MELK	1	1	1	1
JUN	NUP133	1	1	1	1
JUN	RPA2	1	1	1	1
JUN	SSBP2	1	1	1	1
JUN	TIAM1	1	1	1	1
JUN	TXNDC9	1	1	1	1
KAT6A	ATP2C1	1	1	1	1
KAT6A	CCDC85B	1	1	1	1
KAT6A	CD44	1	1	1	1
KAT6A	CLTB	1	1	1	1
KAT6A	CXCR4	1	1	1	1
KAT6A	EDEM1	1	1	1	1
KAT6A	GNPDA1	1	1	1	1
KAT6A	GPATCH8	1	1	1	1
KAT6A	HDAC6	1	1	1	1
KAT6A	IARS2	1	1	1	1
KAT6A	LRRC41	1	1	1	1
KAT6A	NCAPD2	1	1	1	1
KAT6A	NIPSNAP1	1	1	1	1
KAT6A	NUP62	1	1	1	1
KAT6A	PDHX	1	1	1	1
KAT6A	PTPLAD1	1	1	1	1
KAT6A	RAB21	1	1	1	1
KAT6A	RFX5	1	1	1	1
KAT6A	TRIM13	1	1	1	1
KAT6A	UBE2A	1	1	1	1
KAT6A	USP22	1	1	1	1
KAT6B	FAM69A	1	1	1	1
KAT6B	KIF14	1	1	1	1
KAT6B	MAMLD1	1	1	1	1
KAT6B	TM9SF3	1	1	1	1
KCNK1	ACAT2	1	1	1	1
KCNK1	C2CD2L	1	1	1	1
KCNK1	CBR3	1	1	1	1
KCNK1	CENPE	1	1	1	1
KCNK1	COPS7A	1	1	1	1
KCNK1	CSK	1	1	1	1
KCNK1	DHX29	1	1	1	1
KCNK1	ECD	1	1	1	1
KCNK1	FPGS	1	1	1	1
KCNK1	GMNN	1	1	1	1
KCNK1	GOLT1B	1	1	1	1
KCNK1	KIAA0355	1	1	1	1
KCNK1	MLEC	1	1	1	1
KCNK1	MRPS2	1	1	1	1
KCNK1	PAPD7	1	1	1	1
KCNK1	PLA2G15	1	1	1	1
KCNK1	PLSCR1	1	1	1	1
KCNK1	SMAD3	1	1	1	1
KCNK1	TSC22D3	1	1	1	1
KCNK1	TSTA3	1	1	1	1
KCNK1	USP14	1	1	1	1
KCTD5	BAG3	1	1	1	1
KCTD5	CEBPZ	1	1	1	1
KCTD5	DDX42	1	1	1	1
KCTD5	EBP	1	1	1	1
KCTD5	FOXO4	1	1	1	1
KCTD5	FPGS	1	1	1	1
KCTD5	METRN	1	1	1	1
KCTD5	NRAS	1	1	1	1
KCTD5	PTK2	1	1	1	1
KCTD5	PTPLAD1	1	1	1	1
KCTD5	PUF60	1	1	1	1
KCTD5	RNF167	1	1	1	1
KCTD5	SLC35A3	1	1	1	1
KCTD5	TIMM9	1	1	1	1
KCTD5	TRAP1	1	1	1	1
KDELR2	ARHGAP1	1	1	1	1
KDELR2	CCNF	1	1	1	1
KDELR2	CD320	1	1	1	1
KDELR2	CD44	1	1	1	1
KDELR2	INPP4B	1	1	1	1
KDELR2	INSIG1	1	1	1	1
KDELR2	LYRM1	1	1	1	1
KDELR2	MYC	1	1	1	1
KDELR2	PIP4K2B	1	1	1	1
KDELR2	SFN	1	1	1	1
KDELR2	SMC3	1	1	1	1
KDELR2	TMEM50A	1	1	1	1
KDM3A	DNAJB2	1	1	1	1
KDM3A	GABPB1	1	1	1	1
KDM3A	KIT	1	1	1	1
KDM3A	MLEC	1	1	1	1
KDM3A	MTHFD2	1	1	1	1
KDM3A	NPC1	1	1	1	1
KDM3A	PRUNE	1	1	1	1
KDM3A	RELB	1	1	1	1
KDM3A	TM9SF3	1	1	1	1
KDM3A	WASF3	1	1	1	1
KDM5A	CD58	1	1	1	1
KDM5A	CDC45	1	1	1	1
KDM5A	DHDDS	1	1	1	1
KDM5A	DNAJC15	1	1	1	1
KDM5A	ECD	1	1	1	1
KDM5A	HIST2H2BE	1	1	1	1
KDM5A	HOMER2	1	1	1	1
KDM5A	KEAP1	1	1	1	1
KDM5A	KIAA0355	1	1	1	1
KDM5A	MCM3	1	1	1	1
KDM5A	MCOLN1	1	1	1	1
KDM5A	MRPL19	1	1	1	1
KDM5A	S100A4	1	1	1	1
KDM5A	TBX2	1	1	1	1
KDM5A	TM9SF2	1	1	1	1
KDM5A	TMCO1	1	1	1	1
KDM5A	TOR1A	1	1	1	1
KDM5A	TSC22D3	1	1	1	1
KDM5A	ZW10	1	1	1	1
KDM5B	ANKRD10	1	1	1	1
KDM5B	BIRC5	1	1	1	1
KDM5B	CCNB2	1	1	1	1
KDM5B	CCNF	1	1	1	1
KDM5B	CDH3	1	1	1	1
KDM5B	CREG1	1	1	1	1
KDM5B	EPRS	1	1	1	1
KDM5B	FCHO1	1	1	1	1
KDM5B	GRB10	1	1	1	1
KDM5B	GRN	1	1	1	1
KDM5B	IKBKE	1	1	1	1
KDM5B	LIG1	1	1	1	1
KDM5B	MAPK9	1	1	1	1
KDM5B	NIT1	1	1	1	1
KDM5B	NPC1	1	1	1	1
KDM5B	PCMT1	1	1	1	1
KDM5B	PGRMC1	1	1	1	1
KDM5B	PLP2	1	1	1	1
KDM5B	PYCR1	1	1	1	1
KDM5B	SNX13	1	1	1	1
KDM5B	SOX4	1	1	1	1
KDM5B	STAT1	1	1	1	1
KDM5B	TCTN1	1	1	1	1
KDM5B	UBE2A	1	1	1	1
KDM5B	ZMYM2	1	1	1	1
KEAP1	AGL	1	1	1	1
KEAP1	AKT1	1	1	1	1
KEAP1	CD58	1	1	1	1
KEAP1	EVL	1	1	1	1
KEAP1	FAM57A	1	1	1	1
KEAP1	HN1L	1	1	1	1
KEAP1	KIF2C	1	1	1	1
KEAP1	NIPSNAP1	1	1	1	1
KEAP1	POLE2	1	1	1	1
KEAP1	STK10	1	1	1	1
KEAP1	STK25	1	1	1	1
KEAP1	TRAK2	1	1	1	1
KEAP1	TWF2	1	1	1	1
KIAA0100	ABHD6	1	1	1	1
KIAA0100	ABL1	1	1	1	1
KIAA0100	ACBD3	1	1	1	1
KIAA0100	BCL7B	1	1	1	1
KIAA0100	CHN1	1	1	1	1
KIAA0100	CIRBP	1	1	1	1
KIAA0100	CNDP2	1	1	1	1
KIAA0100	DHX29	1	1	1	1
KIAA0100	DRAP1	1	1	1	1
KIAA0100	DSG2	1	1	1	1
KIAA0100	EPB41L2	1	1	1	1
KIAA0100	GLRX	1	1	1	1
KIAA0100	HMGCR	1	1	1	1
KIAA0100	HPRT1	1	1	1	1
KIAA0100	LIG1	1	1	1	1
KIAA0100	LIPA	1	1	1	1
KIAA0100	REEP5	1	1	1	1
KIAA0100	RPA3	1	1	1	1
KIAA0100	RRP1B	1	1	1	1
KIAA0100	SENP6	1	1	1	1
KIAA0100	STX1A	1	1	1	1
KIAA0100	STXBP1	1	1	1	1
KIAA0100	VAPB	1	1	1	1
KIAA0196	ABCF1	1	1	1	1
KIAA0196	CALU	1	1	1	1
KIAA0196	CCDC85B	1	1	1	1
KIAA0196	CCNF	1	1	1	1
KIAA0196	CLIC4	1	1	1	1
KIAA0196	CYTH1	1	1	1	1
KIAA0196	DDR1	1	1	1	1
KIAA0196	DDX10	1	1	1	1
KIAA0196	DENND2D	1	1	1	1
KIAA0196	ELAC2	1	1	1	1
KIAA0196	FDFT1	1	1	1	1
KIAA0196	GMNN	1	1	1	1
KIAA0196	GNAS	1	1	1	1
KIAA0196	GRB10	1	1	1	1
KIAA0196	HOOK2	1	1	1	1
KIAA0196	RAI14	1	1	1	1
KIAA0196	STK10	1	1	1	1
KIAA0196	TEX10	1	1	1	1
KIAA0196	TIMM22	1	1	1	1
KIAA0196	TSTA3	1	1	1	1
KIAA0196	WDR7	1	1	1	1
KIAA0196	ZW10	1	1	1	1
KIAA0355	AARS	1	1	1	1
KIAA0355	CISD1	1	1	1	1
KIAA0355	CLPX	1	1	1	1
KIAA0355	EML3	1	1	1	1
KIAA0355	HDAC6	1	1	1	1
KIAA0355	HOXA5	1	1	1	1
KIAA0355	HSD17B11	1	1	1	1
KIAA0355	KEAP1	1	1	1	1
KIAA0355	KLHL9	1	1	1	1
KIAA0355	MTFR1	1	1	1	1
KIAA0355	PHGDH	1	1	1	1
KIAA0355	RUVBL1	1	1	1	1
KIAA0355	TIPARP	1	1	1	1
KIAA0355	TMCO1	1	1	1	1
KIAA0355	TRIB3	1	1	1	1
KIAA0355	UBE2C	1	1	1	1
KIAA0355	UBE3C	1	1	1	1
KIAA0355	ZMIZ1	1	1	1	1
KIAA0355	ZNF131	1	1	1	1
KIAA0753	CCNF	1	1	1	1
KIAA0753	CRKL	1	1	1	1
KIAA0753	DECR1	1	1	1	1
KIAA0753	DHX29	1	1	1	1
KIAA0753	EML3	1	1	1	1
KIAA0753	FAIM	1	1	1	1
KIAA0753	GADD45A	1	1	1	1
KIAA0753	IKBKAP	1	1	1	1
KIAA0753	LAP3	1	1	1	1
KIAA0753	NR2F6	1	1	1	1
KIAA0753	PDIA5	1	1	1	1
KIAA0753	PIK3C2B	1	1	1	1
KIAA0753	PTPN12	1	1	1	1
KIAA0753	RAB21	1	1	1	1
KIAA0753	RNH1	1	1	1	1
KIAA0753	RPL39L	1	1	1	1
KIAA0753	SLC35A3	1	1	1	1
KIAA0753	SLC5A6	1	1	1	1
KIAA0753	SOX4	1	1	1	1
KIAA0753	STK25	1	1	1	1
KIAA0753	TATDN2	1	1	1	1
KIAA0753	TOPBP1	1	1	1	1
KIAA0753	YKT6	1	1	1	1
KIAA0753	ZDHHC6	1	1	1	1
KIAA0907	ABL1	1	1	1	1
KIAA0907	ANO10	1	1	1	1
KIAA0907	ANXA7	1	1	1	1
KIAA0907	CBR1	1	1	1	1
KIAA0907	CTNNAL1	1	1	1	1
KIAA0907	FBXO21	1	1	1	1
KIAA0907	GAA	1	1	1	1
KIAA0907	HPRT1	1	1	1	1
KIAA0907	IKBKB	1	1	1	1
KIAA0907	IL13RA1	1	1	1	1
KIAA0907	MAMLD1	1	1	1	1
KIAA0907	NCAPD2	1	1	1	1
KIAA0907	NENF	1	1	1	1
KIAA0907	NUP133	1	1	1	1
KIAA0907	PSMG1	1	1	1	1
KIAA0907	PTK2	1	1	1	1
KIAA0907	RAD51C	1	1	1	1
KIAA0907	SHB	1	1	1	1
KIAA0907	SLC25A46	1	1	1	1
KIAA0907	TRAPPC3	1	1	1	1
KIAA0907	TSPAN4	1	1	1	1
KIAA0907	USP22	1	1	1	1
KIAA0907	XPO7	1	1	1	1
KIAA1033	ADI1	1	1	1	1
KIAA1033	APPBP2	1	1	1	1
KIAA1033	B3GNT1	1	1	1	1
KIAA1033	BLVRA	1	1	1	1
KIAA1033	CETN3	1	1	1	1
KIAA1033	CIRBP	1	1	1	1
KIAA1033	COG4	1	1	1	1
KIAA1033	COPB2	1	1	1	1
KIAA1033	CORO1A	1	1	1	1
KIAA1033	CYB561	1	1	1	1
KIAA1033	DCTD	1	1	1	1
KIAA1033	DDX10	1	1	1	1
KIAA1033	DHRS7	1	1	1	1
KIAA1033	DLD	1	1	1	1
KIAA1033	DSG2	1	1	1	1
KIAA1033	DYRK3	1	1	1	1
KIAA1033	ENOSF1	1	1	1	1
KIAA1033	FAH	1	1	1	1
KIAA1033	FAM63A	1	1	1	1
KIAA1033	FHL2	1	1	1	1
KIAA1033	GAPDH	1	1	1	1
KIAA1033	GRB10	1	1	1	1
KIAA1033	GRWD1	1	1	1	1
KIAA1033	HAT1	1	1	1	1
KIAA1033	HSPA4	1	1	1	1
KIAA1033	ID2	1	1	1	1
KIAA1033	IL4R	1	1	1	1
KIAA1033	KDM3A	1	1	1	1
KIAA1033	KIF2C	1	1	1	1
KIAA1033	KLHDC2	1	1	1	1
KIAA1033	LSM6	1	1	1	1
KIAA1033	LYPLA1	1	1	1	1
KIAA1033	MACF1	1	1	1	1
KIAA1033	MAP4K4	1	1	1	1
KIAA1033	MTF2	1	1	1	1
KIAA1033	NFE2L2	1	1	1	1
KIAA1033	NRAS	1	1	1	1
KIAA1033	PPP2R5A	1	1	1	1
KIAA1033	PRUNE	1	1	1	1
KIAA1033	SMC4	1	1	1	1
KIAA1033	STK25	1	1	1	1
KIAA1033	SUPV3L1	1	1	1	1
KIAA1033	TCFL5	1	1	1	1
KIAA1033	TM9SF2	1	1	1	1
KIAA1033	TMED10	1	1	1	1
KIAA1033	TNIP1	1	1	1	1
KIAA1033	TRAK2	1	1	1	1
KIAA1033	TRIM2	1	1	1	1
KIAA1033	ZNF395	1	1	1	1
KIAA1279	CCNF	1	1	1	1
KIAA1279	CEBPZ	1	1	1	1
KIAA1279	CETN3	1	1	1	1
KIAA1279	CNDP2	1	1	1	1
KIAA1279	CSNK2A2	1	1	1	1
KIAA1279	EGFR	1	1	1	1
KIAA1279	EPB41L2	1	1	1	1
KIAA1279	EZH2	1	1	1	1
KIAA1279	HDAC6	1	1	1	1
KIAA1279	LSM6	1	1	1	1
KIAA1279	NR3C1	1	1	1	1
KIAA1279	PIGB	1	1	1	1
KIAA1279	PXN	1	1	1	1
KIAA1279	USP14	1	1	1	1
KIAA1279	ZDHHC6	1	1	1	1
KIF14	ABCF3	1	1	1	1
KIF14	CD97	1	1	1	1
KIF14	CDC45	1	1	1	1
KIF14	DHX29	1	1	1	1
KIF14	DNMT1	1	1	1	1
KIF14	GALE	1	1	1	1
KIF14	ORC1	1	1	1	1
KIF14	PACSIN3	1	1	1	1
KIF14	RFC2	1	1	1	1
KIF14	RPP38	1	1	1	1
KIF14	SCCPDH	1	1	1	1
KIF14	SYNGR3	1	1	1	1
KIF14	TOR1A	1	1	1	1
KIF14	UBQLN2	1	1	1	1
KIF14	USP1	1	1	1	1
KIF14	USP14	1	1	1	1
KIF20A	AKR7A2	1	1	1	1
KIF20A	CAT	1	1	1	1
KIF20A	CCNF	1	1	1	1
KIF20A	CRKL	1	1	1	1
KIF20A	DDIT4	1	1	1	1
KIF20A	DHX29	1	1	1	1
KIF20A	DNAJB6	1	1	1	1
KIF20A	EZH2	1	1	1	1
KIF20A	KLHL9	1	1	1	1
KIF20A	PAFAH1B1	1	1	1	1
KIF20A	RAP1GAP	1	1	1	1
KIF20A	SCYL3	1	1	1	1
KIF20A	TCFL5	1	1	1	1
KIF20A	TSKU	1	1	1	1
KIF20A	USP6NL	1	1	1	1
KIF2C	ASCC3	1	1	1	1
KIF2C	CCDC92	1	1	1	1
KIF2C	DNAJC15	1	1	1	1
KIF2C	ELAVL1	1	1	1	1
KIF2C	HOMER2	1	1	1	1
KIF2C	HTATSF1	1	1	1	1
KIF2C	KDELR2	1	1	1	1
KIF2C	KLHL9	1	1	1	1
KIF2C	NENF	1	1	1	1
KIF2C	PDLIM1	1	1	1	1
KIF2C	PDS5A	1	1	1	1
KIF2C	PGRMC1	1	1	1	1
KIF2C	UBE2A	1	1	1	1
KIF2C	UBR7	1	1	1	1
KIF5C	ACBD3	1	1	1	1
KIF5C	ADCK3	1	1	1	1
KIF5C	BUB1B	1	1	1	1
KIF5C	CIRBP	1	1	1	1
KIF5C	CYB561	1	1	1	1
KIF5C	CYTH1	1	1	1	1
KIF5C	FASTKD5	1	1	1	1
KIF5C	G3BP1	1	1	1	1
KIF5C	GADD45B	1	1	1	1
KIF5C	NFIL3	1	1	1	1
KIF5C	PEX11A	1	1	1	1
KIF5C	PMAIP1	1	1	1	1
KIF5C	PPP2R5A	1	1	1	1
KIF5C	RELB	1	1	1	1
KIF5C	SNX7	1	1	1	1
KIF5C	SOX4	1	1	1	1
KIF5C	TIPARP	1	1	1	1
KIF5C	TJP1	1	1	1	1
KIF5C	TM9SF2	1	1	1	1
KIF5C	WDR7	1	1	1	1
KIF5C	XPNPEP1	1	1	1	1
KIF5C	ZNF451	1	1	1	1
KIT	ACLY	1	1	1	1
KIT	ARID4B	1	1	1	1
KIT	CLTB	1	1	1	1
KIT	COG2	1	1	1	1
KIT	CSK	1	1	1	1
KIT	ICMT	1	1	1	1
KIT	KLHDC2	1	1	1	1
KIT	LIG1	1	1	1	1
KIT	PDLIM1	1	1	1	1
KIT	POLG2	1	1	1	1
KIT	RPA3	1	1	1	1
KIT	SNX7	1	1	1	1
KIT	VPS72	1	1	1	1
KIT	ZNF131	1	1	1	1
KLHDC2	CLPX	1	1	1	1
KLHDC2	DENND2D	1	1	1	1
KLHDC2	DHDDS	1	1	1	1
KLHDC2	EDEM1	1	1	1	1
KLHDC2	GABPB1	1	1	1	1
KLHDC2	GDPD5	1	1	1	1
KLHDC2	IGF2R	1	1	1	1
KLHDC2	KLHL9	1	1	1	1
KLHDC2	MSRA	1	1	1	1
KLHDC2	MTHFD2	1	1	1	1
KLHDC2	PLOD3	1	1	1	1
KLHDC2	RAB31	1	1	1	1
KLHDC2	SCARB1	1	1	1	1
KLHDC2	SORBS3	1	1	1	1
KLHDC2	SYNGR3	1	1	1	1
KLHDC2	TRIB3	1	1	1	1
KLHDC2	UBR7	1	1	1	1
KLHL21	ABHD6	1	1	1	1
KLHL21	ANO10	1	1	1	1
KLHL21	ATP6V0B	1	1	1	1
KLHL21	BAG3	1	1	1	1
KLHL21	BIRC5	1	1	1	1
KLHL21	COPB2	1	1	1	1
KLHL21	CSNK2A2	1	1	1	1
KLHL21	DCUN1D4	1	1	1	1
KLHL21	DERA	1	1	1	1
KLHL21	DNM1	1	1	1	1
KLHL21	DPH2	1	1	1	1
KLHL21	ECD	1	1	1	1
KLHL21	GAA	1	1	1	1
KLHL21	GADD45A	1	1	1	1
KLHL21	GAPDH	1	1	1	1
KLHL21	GRN	1	1	1	1
KLHL21	HERPUD1	1	1	1	1
KLHL21	HOXA10	1	1	1	1
KLHL21	HSPA4	1	1	1	1
KLHL21	IKBKB	1	1	1	1
KLHL21	INPP1	1	1	1	1
KLHL21	KDM5A	1	1	1	1
KLHL21	KIF20A	1	1	1	1
KLHL21	KLHDC2	1	1	1	1
KLHL21	MAMLD1	1	1	1	1
KLHL21	MAST2	1	1	1	1
KLHL21	MCM3	1	1	1	1
KLHL21	NR1H2	1	1	1	1
KLHL21	NT5DC2	1	1	1	1
KLHL21	POLD4	1	1	1	1
KLHL21	RUVBL1	1	1	1	1
KLHL21	SMC4	1	1	1	1
KLHL21	STMN1	1	1	1	1
KLHL21	SYNGR3	1	1	1	1
KLHL21	TMCO1	1	1	1	1
KLHL21	ZNF318	1	1	1	1
KLHL9	ARFIP2	1	1	1	1
KLHL9	CDKN1A	1	1	1	1
KLHL9	CRKL	1	1	1	1
KLHL9	DNM1	1	1	1	1
KLHL9	DSG2	1	1	1	1
KLHL9	GABPB1	1	1	1	1
KLHL9	HTRA1	1	1	1	1
KLHL9	KLHL9	1	1	1	1
KLHL9	PDS5A	1	1	1	1
KLHL9	PEX11A	1	1	1	1
KLHL9	PPP2R3C	1	1	1	1
KLHL9	RAB31	1	1	1	1
KLHL9	RNPS1	1	1	1	1
KLHL9	SFN	1	1	1	1
KLHL9	SMC3	1	1	1	1
KLHL9	TOMM34	1	1	1	1
KLHL9	WFS1	1	1	1	1
KLHL9	ZNF451	1	1	1	1
KTN1	BAMBI	1	1	1	1
KTN1	DHDDS	1	1	1	1
KTN1	DUSP11	1	1	1	1
KTN1	DYRK3	1	1	1	1
KTN1	ENOSF1	1	1	1	1
KTN1	GNAS	1	1	1	1
KTN1	HOXA10	1	1	1	1
KTN1	ICAM3	1	1	1	1
KTN1	IKBKB	1	1	1	1
KTN1	ITGAE	1	1	1	1
KTN1	LIPA	1	1	1	1
KTN1	NR2F6	1	1	1	1
KTN1	NVL	1	1	1	1
KTN1	PAK4	1	1	1	1
KTN1	PAPD7	1	1	1	1
KTN1	PNP	1	1	1	1
KTN1	POLG2	1	1	1	1
KTN1	RAB27A	1	1	1	1
KTN1	RRP8	1	1	1	1
KTN1	SYPL1	1	1	1	1
KTN1	TXNDC9	1	1	1	1
LAGE3	CBR1	1	1	1	1
LAGE3	DNMT1	1	1	1	1
LAGE3	HOOK2	1	1	1	1
LAGE3	KIAA1033	1	1	1	1
LAGE3	MBNL1	1	1	1	1
LAGE3	MBTPS1	1	1	1	1
LAGE3	NFE2L2	1	1	1	1
LAGE3	PAF1	1	1	1	1
LAGE3	PCMT1	1	1	1	1
LAGE3	PDLIM1	1	1	1	1
LAGE3	RAB11FIP2	1	1	1	1
LAGE3	TRIB1	1	1	1	1
LAGE3	VAPB	1	1	1	1
LAGE3	ZNF131	1	1	1	1
LAMA3	ADAT1	1	1	1	1
LAMA3	BAD	1	1	1	1
LAMA3	CDCA4	1	1	1	1
LAMA3	CTTN	1	1	1	1
LAMA3	CYB561	1	1	1	1
LAMA3	GRN	1	1	1	1
LAMA3	IER3	1	1	1	1
LAMA3	KIT	1	1	1	1
LAMA3	KLHDC2	1	1	1	1
LAMA3	PCCB	1	1	1	1
LAMA3	PEX11A	1	1	1	1
LAMA3	SENP6	1	1	1	1
LAMA3	SLC35A1	1	1	1	1
LAMA3	SLC5A6	1	1	1	1
LAMA3	SPEN	1	1	1	1
LAMA3	THAP11	1	1	1	1
LAMA3	TXNRD1	1	1	1	1
LAMA3	UGDH	1	1	1	1
LAMA3	ZNF131	1	1	1	1
LAMA3	ZNF395	1	1	1	1
LAP3	CD58	1	1	1	1
LAP3	CHERP	1	1	1	1
LAP3	CRKL	1	1	1	1
LAP3	CSNK2A2	1	1	1	1
LAP3	DERA	1	1	1	1
LAP3	EML3	1	1	1	1
LAP3	FKBP14	1	1	1	1
LAP3	FOXO4	1	1	1	1
LAP3	MAP3K4	1	1	1	1
LAP3	MOK	1	1	1	1
LAP3	MYC	1	1	1	1
LAP3	NMT1	1	1	1	1
LAP3	POLG2	1	1	1	1
LAP3	POP4	1	1	1	1
LAP3	PSMD10	1	1	1	1
LAP3	SENP6	1	1	1	1
LAP3	SLC37A4	1	1	1	1
LAP3	STUB1	1	1	1	1
LAP3	STX4	1	1	1	1
LAP3	TARBP1	1	1	1	1
LBR	CBR1	1	1	1	1
LBR	CETN3	1	1	1	1
LBR	CTSD	1	1	1	1
LBR	DHRS7	1	1	1	1
LBR	GTPBP8	1	1	1	1
LBR	HSPA4	1	1	1	1
LBR	IQGAP1	1	1	1	1
LBR	MAPKAPK3	1	1	1	1
LBR	NARFL	1	1	1	1
LBR	PDS5A	1	1	1	1
LBR	PIH1D1	1	1	1	1
LBR	PLSCR1	1	1	1	1
LBR	SCARB1	1	1	1	1
LBR	STAT1	1	1	1	1
LBR	TBXA2R	1	1	1	1
LBR	TMEM97	1	1	1	1
LBR	TP53BP1	1	1	1	1
LBR	TRIB3	1	1	1	1
LBR	YKT6	1	1	1	1
LGALS8	CBR1	1	1	1	1
LGALS8	GFOD1	1	1	1	1
LGALS8	HYOU1	1	1	1	1
LGALS8	NET1	1	1	1	1
LGALS8	PDHX	1	1	1	1
LGALS8	PIH1D1	1	1	1	1
LGALS8	RELB	1	1	1	1
LGALS8	RPA2	1	1	1	1
LGALS8	STX4	1	1	1	1
LGMN	CETN3	1	1	1	1
LGMN	CNOT4	1	1	1	1
LGMN	DNAJA3	1	1	1	1
LGMN	EAPP	1	1	1	1
LGMN	GNA11	1	1	1	1
LGMN	IKBKAP	1	1	1	1
LGMN	LAGE3	1	1	1	1
LGMN	MSRA	1	1	1	1
LGMN	NMT1	1	1	1	1
LGMN	PDS5A	1	1	1	1
LGMN	PIK3C2B	1	1	1	1
LGMN	PPOX	1	1	1	1
LGMN	TP53BP2	1	1	1	1
LGMN	WRB	1	1	1	1
LIG1	ARNT2	1	1	1	1
LIG1	COG7	1	1	1	1
LIG1	FEZ2	1	1	1	1
LIG1	FOXO4	1	1	1	1
LIG1	SMARCA4	1	1	1	1
LIG1	STK10	1	1	1	1
LIG1	TOPBP1	1	1	1	1
LIG1	TP53BP2	1	1	1	1
LIPA	ADH5	1	1	1	1
LIPA	CD58	1	1	1	1
LIPA	CDCA4	1	1	1	1
LIPA	DHRS7	1	1	1	1
LIPA	EXT1	1	1	1	1
LIPA	FASTKD5	1	1	1	1
LIPA	ILK	1	1	1	1
LIPA	LAP3	1	1	1	1
LIPA	SH3BP5	1	1	1	1
LIPA	SHB	1	1	1	1
LIPA	SYNE2	1	1	1	1
LIPA	TRIB1	1	1	1	1
LIPA	ZDHHC6	1	1	1	1
LOXL1	ABCC5	1	1	1	1
LOXL1	AURKB	1	1	1	1
LOXL1	CDH3	1	1	1	1
LOXL1	CHIC2	1	1	1	1
LOXL1	CLSTN1	1	1	1	1
LOXL1	DUSP22	1	1	1	1
LOXL1	ERBB3	1	1	1	1
LOXL1	HEATR1	1	1	1	1
LOXL1	INPP1	1	1	1	1
LOXL1	MTF2	1	1	1	1
LOXL1	PMAIP1	1	1	1	1
LOXL1	PPP2R5A	1	1	1	1
LOXL1	RAD9A	1	1	1	1
LOXL1	SHB	1	1	1	1
LOXL1	SKIV2L	1	1	1	1
LOXL1	SLC25A14	1	1	1	1
LOXL1	SNX13	1	1	1	1
LOXL1	STXBP1	1	1	1	1
LOXL1	TBPL1	1	1	1	1
LOXL1	TJP1	1	1	1	1
LPAR2	ARNT2	1	1	1	1
LPAR2	DHX29	1	1	1	1
LPAR2	DNM1	1	1	1	1
LPAR2	EVL	1	1	1	1
LPAR2	FAM63A	1	1	1	1
LPAR2	GADD45B	1	1	1	1
LPAR2	HADH	1	1	1	1
LPAR2	INPP1	1	1	1	1
LPAR2	INTS3	1	1	1	1
LPAR2	KIF20A	1	1	1	1
LPAR2	LIPA	1	1	1	1
LPAR2	MBOAT7	1	1	1	1
LPAR2	NSDHL	1	1	1	1
LPAR2	POLE2	1	1	1	1
LPAR2	RAB4A	1	1	1	1
LPAR2	RGS2	1	1	1	1
LPAR2	SHB	1	1	1	1
LPAR2	SQRDL	1	1	1	1
LPAR2	TIMM17B	1	1	1	1
LPAR2	ZNF586	1	1	1	1
LRP10	BECN1	1	1	1	1
LRP10	BLVRA	1	1	1	1
LRP10	CETN3	1	1	1	1
LRP10	CNPY3	1	1	1	1
LRP10	DENND2D	1	1	1	1
LRP10	FAH	1	1	1	1
LRP10	G3BP1	1	1	1	1
LRP10	ITFG1	1	1	1	1
LRP10	KIF20A	1	1	1	1
LRP10	NOSIP	1	1	1	1
LRP10	PHKB	1	1	1	1
LRP10	PLA2G15	1	1	1	1
LRP10	POLR1C	1	1	1	1
LRP10	SLC25A13	1	1	1	1
LRP10	TXNRD1	1	1	1	1
LRP10	WRB	1	1	1	1
LRP10	ZDHHC6	1	1	1	1
LRPAP1	ABCC5	1	1	1	1
LRPAP1	AURKA	1	1	1	1
LRPAP1	BCL7B	1	1	1	1
LRPAP1	BLCAP	1	1	1	1
LRPAP1	CNDP2	1	1	1	1
LRPAP1	CPNE3	1	1	1	1
LRPAP1	CREG1	1	1	1	1
LRPAP1	CXCR4	1	1	1	1
LRPAP1	DNAJB2	1	1	1	1
LRPAP1	ICAM3	1	1	1	1
LRPAP1	MAP2K5	1	1	1	1
LRPAP1	MVP	1	1	1	1
LRPAP1	PHKG2	1	1	1	1
LRPAP1	POLR2I	1	1	1	1
LRPAP1	POP4	1	1	1	1
LRPAP1	RPIA	1	1	1	1
LRPAP1	SCAND1	1	1	1	1
LRPAP1	SYPL1	1	1	1	1
LRPAP1	TMED10	1	1	1	1
LRRC16A	CAB39	1	1	1	1
LRRC16A	DHX29	1	1	1	1
LRRC16A	FBXL12	1	1	1	1
LRRC16A	GMNN	1	1	1	1
LRRC16A	GTF2A2	1	1	1	1
LRRC16A	HOOK2	1	1	1	1
LRRC16A	HOXA10	1	1	1	1
LRRC16A	INTS3	1	1	1	1
LRRC16A	KEAP1	1	1	1	1
LRRC16A	PCM1	1	1	1	1
LRRC16A	USP7	1	1	1	1
LRRC16A	ZNF318	1	1	1	1
LRRC16A	ZNF586	1	1	1	1
LRRC41	ATP2C1	1	1	1	1
LRRC41	CASC3	1	1	1	1
LRRC41	CCDC92	1	1	1	1
LRRC41	CD44	1	1	1	1
LRRC41	CRKL	1	1	1	1
LRRC41	EBNA1BP2	1	1	1	1
LRRC41	FIS1	1	1	1	1
LRRC41	HSD17B11	1	1	1	1
LRRC41	IPO13	1	1	1	1
LRRC41	MAPKAPK5	1	1	1	1
LRRC41	MFSD10	1	1	1	1
LRRC41	MICALL1	1	1	1	1
LRRC41	NET1	1	1	1	1
LRRC41	NOLC1	1	1	1	1
LRRC41	PAPD7	1	1	1	1
LRRC41	PIGB	1	1	1	1
LRRC41	RRS1	1	1	1	1
LSM5	ARID5B	1	1	1	1
LSM5	ATP1B1	1	1	1	1
LSM5	CDK1	1	1	1	1
LSM5	COG7	1	1	1	1
LSM5	CSNK2A2	1	1	1	1
LSM5	DHX29	1	1	1	1
LSM5	ITFG1	1	1	1	1
LSM5	MSRA	1	1	1	1
LSM5	NOSIP	1	1	1	1
LSM5	PTPLAD1	1	1	1	1
LSM5	ZNF318	1	1	1	1
LSM6	ARL4C	1	1	1	1
LSM6	CD44	1	1	1	1
LSM6	CHERP	1	1	1	1
LSM6	CHN1	1	1	1	1
LSM6	COG4	1	1	1	1
LSM6	CTTN	1	1	1	1
LSM6	DSG2	1	1	1	1
LSM6	EAPP	1	1	1	1
LSM6	HSD17B11	1	1	1	1
LSM6	HYOU1	1	1	1	1
LSM6	IDE	1	1	1	1
LSM6	IGF2R	1	1	1	1
LSM6	LSR	1	1	1	1
LSM6	PPOX	1	1	1	1
LSM6	PWP1	1	1	1	1
LSM6	RTN2	1	1	1	1
LSM6	SLC25A46	1	1	1	1
LSM6	TBPL1	1	1	1	1
LSM6	TMEM109	1	1	1	1
LSM6	TRIM13	1	1	1	1
LSM6	USP6NL	1	1	1	1
LSM6	ZW10	1	1	1	1
LSR	APBB2	1	1	1	1
LSR	ARID5B	1	1	1	1
LSR	BLVRA	1	1	1	1
LSR	CEBPZ	1	1	1	1
LSR	CIAPIN1	1	1	1	1
LSR	EML3	1	1	1	1
LSR	ENOPH1	1	1	1	1
LSR	FOS	1	1	1	1
LSR	GATA3	1	1	1	1
LSR	LAMA3	1	1	1	1
LSR	LIG1	1	1	1	1
LSR	NRAS	1	1	1	1
LSR	PIN1	1	1	1	1
LSR	POLE2	1	1	1	1
LSR	POLR1C	1	1	1	1
LSR	PSMG1	1	1	1	1
LSR	PTPN12	1	1	1	1
LSR	RRP12	1	1	1	1
LSR	TRIM2	1	1	1	1
LSR	TSKU	1	1	1	1
LSR	VAPB	1	1	1	1
LYN	ACOT9	1	1	1	1
LYN	AKR7A2	1	1	1	1
LYN	ALAS1	1	1	1	1
LYN	BIRC5	1	1	1	1
LYN	BLVRA	1	1	1	1
LYN	CAT	1	1	1	1
LYN	CCP110	1	1	1	1
LYN	CDKN1A	1	1	1	1
LYN	CERK	1	1	1	1
LYN	CHEK2	1	1	1	1
LYN	FBXO7	1	1	1	1
LYN	FOXO4	1	1	1	1
LYN	HMGCR	1	1	1	1
LYN	HMGCS1	1	1	1	1
LYN	LOXL1	1	1	1	1
LYN	MCM3	1	1	1	1
LYN	NNT	1	1	1	1
LYN	NOSIP	1	1	1	1
LYN	NVL	1	1	1	1
LYN	PCMT1	1	1	1	1
LYN	POLE2	1	1	1	1
LYN	PPIE	1	1	1	1
LYN	PTPN1	1	1	1	1
LYN	PTPN12	1	1	1	1
LYN	RNH1	1	1	1	1
LYN	RRS1	1	1	1	1
LYN	RTN2	1	1	1	1
LYN	SLC25A13	1	1	1	1
LYN	SNX7	1	1	1	1
LYN	SOX4	1	1	1	1
LYN	TIMM9	1	1	1	1
LYN	TRIM13	1	1	1	1
LYN	UBE2C	1	1	1	1
LYN	XPNPEP1	1	1	1	1
LYPLA1	ADO	1	1	1	1
LYPLA1	AMDHD2	1	1	1	1
LYPLA1	ATP11B	1	1	1	1
LYPLA1	BDH1	1	1	1	1
LYPLA1	CLTB	1	1	1	1
LYPLA1	DDX42	1	1	1	1
LYPLA1	GDPD5	1	1	1	1
LYPLA1	GPC1	1	1	1	1
LYPLA1	IL4R	1	1	1	1
LYPLA1	NUSAP1	1	1	1	1
LYPLA1	PAPD7	1	1	1	1
LYPLA1	PCCB	1	1	1	1
LYPLA1	PEX11A	1	1	1	1
LYPLA1	PHKG2	1	1	1	1
LYPLA1	PIP4K2B	1	1	1	1
LYPLA1	PTPRK	1	1	1	1
LYPLA1	RNF167	1	1	1	1
LYPLA1	SNX13	1	1	1	1
LYPLA1	SPTLC2	1	1	1	1
LYPLA1	TMEM109	1	1	1	1
LYRM1	AKR7A2	1	1	1	1
LYRM1	APBB2	1	1	1	1
LYRM1	ATP6V1D	1	1	1	1
LYRM1	CCNB2	1	1	1	1
LYRM1	CIAPIN1	1	1	1	1
LYRM1	CPNE3	1	1	1	1
LYRM1	FAM63A	1	1	1	1
LYRM1	GNAS	1	1	1	1
LYRM1	LSM6	1	1	1	1
LYRM1	MTF2	1	1	1	1
LYRM1	TEX10	1	1	1	1
LYRM1	USP6NL	1	1	1	1
MACF1	ABHD4	1	1	1	1
MACF1	ALAS1	1	1	1	1
MACF1	ASCC3	1	1	1	1
MACF1	B3GNT1	1	1	1	1
MACF1	BPHL	1	1	1	1
MACF1	CD44	1	1	1	1
MACF1	CLIC4	1	1	1	1
MACF1	EZH2	1	1	1	1
MACF1	FASTKD5	1	1	1	1
MACF1	GPC1	1	1	1	1
MACF1	HSPA4	1	1	1	1
MACF1	KIAA0753	1	1	1	1
MACF1	KIF14	1	1	1	1
MACF1	KIF2C	1	1	1	1
MACF1	MAMLD1	1	1	1	1
MACF1	PCM1	1	1	1	1
MACF1	PHKG2	1	1	1	1
MACF1	PIH1D1	1	1	1	1
MACF1	PYCR1	1	1	1	1
MACF1	RBKS	1	1	1	1
MACF1	RUVBL1	1	1	1	1
MACF1	ST7	1	1	1	1
MACF1	TEX10	1	1	1	1
MACF1	TRIB1	1	1	1	1
MACF1	VGLL4	1	1	1	1
MALT1	CEBPZ	1	1	1	1
MALT1	CPNE3	1	1	1	1
MALT1	CXCR4	1	1	1	1
MALT1	ECD	1	1	1	1
MALT1	FOXO4	1	1	1	1
MALT1	ICMT	1	1	1	1
MALT1	IGHMBP2	1	1	1	1
MALT1	NIT1	1	1	1	1
MALT1	PPP2R5A	1	1	1	1
MALT1	PSMG1	1	1	1	1
MALT1	RRP1B	1	1	1	1
MALT1	SCYL3	1	1	1	1
MALT1	SLC25A46	1	1	1	1
MALT1	STAP2	1	1	1	1
MALT1	STK25	1	1	1	1
MALT1	TCTN1	1	1	1	1
MALT1	UBE2J1	1	1	1	1
MALT1	USP7	1	1	1	1
MAMLD1	ARPP19	1	1	1	1
MAMLD1	CAST	1	1	1	1
MAMLD1	CCDC86	1	1	1	1
MAMLD1	KIF20A	1	1	1	1
MAMLD1	MTF2	1	1	1	1
MAMLD1	PDLIM1	1	1	1	1
MAMLD1	PPOX	1	1	1	1
MAMLD1	PRSS23	1	1	1	1
MAMLD1	TRIB3	1	1	1	1
MAMLD1	TUBB6	1	1	1	1
MAMLD1	WRB	1	1	1	1
MAN2B1	ADCK3	1	1	1	1
MAN2B1	ARHGAP1	1	1	1	1
MAN2B1	B3GNT1	1	1	1	1
MAN2B1	BPHL	1	1	1	1
MAN2B1	EBNA1BP2	1	1	1	1
MAN2B1	FKBP4	1	1	1	1
MAN2B1	GAPDH	1	1	1	1
MAN2B1	HDAC6	1	1	1	1
MAN2B1	IKBKB	1	1	1	1
MAN2B1	KIAA0355	1	1	1	1
MAN2B1	MBNL2	1	1	1	1
MAN2B1	NSDHL	1	1	1	1
MAN2B1	NUP85	1	1	1	1
MAN2B1	PPIE	1	1	1	1
MAN2B1	PSMD10	1	1	1	1
MAN2B1	PYCR1	1	1	1	1
MAN2B1	RFX5	1	1	1	1
MAN2B1	RRAGA	1	1	1	1
MAN2B1	RRP12	1	1	1	1
MAN2B1	SCARB1	1	1	1	1
MAN2B1	SDHB	1	1	1	1
MAN2B1	SLC25A13	1	1	1	1
MAN2B1	STK25	1	1	1	1
MAN2B1	TIMM17B	1	1	1	1
MAN2B1	TRIB1	1	1	1	1
MAN2B1	TRIM13	1	1	1	1
MAN2B1	TSPAN3	1	1	1	1
MAP2K5	HMGCS1	1	1	1	1
MAP2K5	HOMER2	1	1	1	1
MAP2K5	MLEC	1	1	1	1
MAP2K5	PSRC1	1	1	1	1
MAP2K5	PTPN1	1	1	1	1
MAP2K5	RBM15B	1	1	1	1
MAP2K5	TFAP2A	1	1	1	1
MAP2K5	TRAP1	1	1	1	1
MAP2K5	TSTA3	1	1	1	1
MAP2K5	VAV3	1	1	1	1
MAP3K4	BCL7B	1	1	1	1
MAP3K4	CD58	1	1	1	1
MAP3K4	DENND2D	1	1	1	1
MAP3K4	DHDDS	1	1	1	1
MAP3K4	ISOC1	1	1	1	1
MAP3K4	PAFAH1B1	1	1	1	1
MAP3K4	RAB21	1	1	1	1
MAP3K4	RFX5	1	1	1	1
MAP3K4	SLC25A13	1	1	1	1
MAP3K4	WDTC1	1	1	1	1
MAP4K4	BCL7B	1	1	1	1
MAP4K4	BLMH	1	1	1	1
MAP4K4	C2CD2L	1	1	1	1
MAP4K4	CALU	1	1	1	1
MAP4K4	DNM1	1	1	1	1
MAP4K4	EBNA1BP2	1	1	1	1
MAP4K4	GPATCH8	1	1	1	1
MAP4K4	PRKCD	1	1	1	1
MAP4K4	RFC2	1	1	1	1
MAP4K4	RFX5	1	1	1	1
MAP4K4	SCARB1	1	1	1	1
MAP4K4	TOPBP1	1	1	1	1
MAP4K4	TSKU	1	1	1	1
MAP4K4	ZNF318	1	1	1	1
MAP7	ACOT9	1	1	1	1
MAP7	CDC45	1	1	1	1
MAP7	CETN3	1	1	1	1
MAP7	COPB2	1	1	1	1
MAP7	DCTD	1	1	1	1
MAP7	DLD	1	1	1	1
MAP7	KIF2C	1	1	1	1
MAP7	MBNL2	1	1	1	1
MAP7	MSRA	1	1	1	1
MAP7	PAFAH1B1	1	1	1	1
MAP7	POLD4	1	1	1	1
MAP7	PRUNE	1	1	1	1
MAP7	SOX4	1	1	1	1
MAP7	TCTN1	1	1	1	1
MAP7	USP1	1	1	1	1
MAPK13	ABHD6	1	1	1	1
MAPK13	CAPN1	1	1	1	1
MAPK13	CSNK2A2	1	1	1	1
MAPK13	DENND2D	1	1	1	1
MAPK13	ELAC2	1	1	1	1
MAPK13	EZH2	1	1	1	1
MAPK13	KLHL9	1	1	1	1
MAPK13	POLR2I	1	1	1	1
MAPK13	RFX5	1	1	1	1
MAPK13	SCYL3	1	1	1	1
MAPK13	SUPV3L1	1	1	1	1
MAPK13	TP53BP2	1	1	1	1
MAPK13	ZNF318	1	1	1	1
MAPK1IP1L	CCP110	1	1	1	1
MAPK1IP1L	HIST2H2BE	1	1	1	1
MAPK1IP1L	HSPA4	1	1	1	1
MAPK1IP1L	ICMT	1	1	1	1
MAPK1IP1L	LOXL1	1	1	1	1
MAPK1IP1L	PSRC1	1	1	1	1
MAPK1IP1L	RGS2	1	1	1	1
MAPK1IP1L	STK10	1	1	1	1
MAPK1IP1L	STMN1	1	1	1	1
MAPK1IP1L	USP1	1	1	1	1
MAPK1IP1L	ZW10	1	1	1	1
MAPK9	ATP11B	1	1	1	1
MAPK9	BAG3	1	1	1	1
MAPK9	CHN1	1	1	1	1
MAPK9	CLTB	1	1	1	1
MAPK9	DNAJA3	1	1	1	1
MAPK9	FUT1	1	1	1	1
MAPK9	KLHL21	1	1	1	1
MAPK9	LSM5	1	1	1	1
MAPK9	MRPL19	1	1	1	1
MAPK9	NUP93	1	1	1	1
MAPK9	PAF1	1	1	1	1
MAPK9	PDLIM1	1	1	1	1
MAPK9	PTPRK	1	1	1	1
MAPK9	SPDEF	1	1	1	1
MAPK9	TIMP2	1	1	1	1
MAPKAPK3	CD97	1	1	1	1
MAPKAPK3	HSD17B11	1	1	1	1
MAPKAPK3	KDM5A	1	1	1	1
MAPKAPK3	LAMA3	1	1	1	1
MAPKAPK3	ME2	1	1	1	1
MAPKAPK3	PCCB	1	1	1	1
MAPKAPK3	RFX5	1	1	1	1
MAPKAPK3	RNPS1	1	1	1	1
MAPKAPK3	TP53BP1	1	1	1	1
MAPKAPK3	ZNF274	1	1	1	1
MAPKAPK5	ADH5	1	1	1	1
MAPKAPK5	CD58	1	1	1	1
MAPKAPK5	CLPX	1	1	1	1
MAPKAPK5	DNAJB1	1	1	1	1
MAPKAPK5	IGF1R	1	1	1	1
MAPKAPK5	IPO13	1	1	1	1
MAPKAPK5	ITGB1BP1	1	1	1	1
MAPKAPK5	OXA1L	1	1	1	1
MAPKAPK5	PDLIM1	1	1	1	1
MAPKAPK5	PRUNE	1	1	1	1
MAPKAPK5	SLC25A46	1	1	1	1
MAPKAPK5	SPR	1	1	1	1
MAPKAPK5	ST6GALNAC2	1	1	1	1
MAPKAPK5	XPNPEP1	1	1	1	1
MAST2	AMDHD2	1	1	1	1
MAST2	CCNA2	1	1	1	1
MAST2	CCNF	1	1	1	1
MAST2	CEBPZ	1	1	1	1
MAST2	ELAC2	1	1	1	1
MAST2	EML3	1	1	1	1
MAST2	FOXO4	1	1	1	1
MAST2	GLRX	1	1	1	1
MAST2	GNPDA1	1	1	1	1
MAST2	KAT6A	1	1	1	1
MAST2	MAPK13	1	1	1	1
MAST2	NCAPD2	1	1	1	1
MAST2	NUP133	1	1	1	1
MAST2	PRKACA	1	1	1	1
MAST2	PSMG1	1	1	1	1
MAST2	RNPS1	1	1	1	1
MAST2	STK25	1	1	1	1
MAST2	TERF2IP	1	1	1	1
MAST2	THAP11	1	1	1	1
MAST2	TOMM34	1	1	1	1
MAST2	UFM1	1	1	1	1
MBNL1	ADH5	1	1	1	1
MBNL1	CHN1	1	1	1	1
MBNL1	CLTB	1	1	1	1
MBNL1	CSNK2A2	1	1	1	1
MBNL1	DDX42	1	1	1	1
MBNL1	DSG2	1	1	1	1
MBNL1	IKBKB	1	1	1	1
MBNL1	MYC	1	1	1	1
MBNL1	POLG2	1	1	1	1
MBNL1	PRR7	1	1	1	1
MBNL1	PWP1	1	1	1	1
MBNL1	RSU1	1	1	1	1
MBNL1	STAP2	1	1	1	1
MBNL1	SUPV3L1	1	1	1	1
MBNL1	TBX2	1	1	1	1
MBNL1	TRIB3	1	1	1	1
MBNL1	TRIM13	1	1	1	1
MBNL2	C2CD2L	1	1	1	1
MBNL2	HDAC2	1	1	1	1
MBNL2	HS2ST1	1	1	1	1
MBNL2	ITGB5	1	1	1	1
MBNL2	KDM5A	1	1	1	1
MBNL2	KIAA1279	1	1	1	1
MBNL2	PUF60	1	1	1	1
MBNL2	RAB31	1	1	1	1
MBNL2	SNX7	1	1	1	1
MBNL2	TMED10	1	1	1	1
MBNL2	ZNF131	1	1	1	1
MBOAT7	ATP1B1	1	1	1	1
MBOAT7	C2CD2L	1	1	1	1
MBOAT7	CLSTN1	1	1	1	1
MBOAT7	DHX29	1	1	1	1
MBOAT7	DLD	1	1	1	1
MBOAT7	FBXO21	1	1	1	1
MBOAT7	HIST2H2BE	1	1	1	1
MBOAT7	KIAA0100	1	1	1	1
MBOAT7	NUP93	1	1	1	1
MBOAT7	PAPD7	1	1	1	1
MBOAT7	PLP2	1	1	1	1
MBOAT7	POLR1C	1	1	1	1
MBOAT7	RPIA	1	1	1	1
MBOAT7	SGCB	1	1	1	1
MBOAT7	SOX4	1	1	1	1
MBOAT7	STK10	1	1	1	1
MBOAT7	TCTA	1	1	1	1
MBOAT7	TNIP1	1	1	1	1
MBOAT7	TRIB3	1	1	1	1
MBOAT7	UBE3C	1	1	1	1
MBOAT7	ZNF318	1	1	1	1
MBTPS1	ABL1	1	1	1	1
MBTPS1	AGL	1	1	1	1
MBTPS1	ARHGAP1	1	1	1	1
MBTPS1	ARL4C	1	1	1	1
MBTPS1	ATP1B1	1	1	1	1
MBTPS1	BCL2	1	1	1	1
MBTPS1	BECN1	1	1	1	1
MBTPS1	CDCA4	1	1	1	1
MBTPS1	FEZ2	1	1	1	1
MBTPS1	GADD45A	1	1	1	1
MBTPS1	GPATCH8	1	1	1	1
MBTPS1	H2AFV	1	1	1	1
MBTPS1	HADH	1	1	1	1
MBTPS1	IQGAP1	1	1	1	1
MBTPS1	LOXL1	1	1	1	1
MBTPS1	LRRC16A	1	1	1	1
MBTPS1	MACF1	1	1	1	1
MBTPS1	MBOAT7	1	1	1	1
MBTPS1	PCBD1	1	1	1	1
MBTPS1	PHGDH	1	1	1	1
MBTPS1	PHKA1	1	1	1	1
MBTPS1	PLOD3	1	1	1	1
MBTPS1	POLE2	1	1	1	1
MBTPS1	PRKCD	1	1	1	1
MBTPS1	PRPF4	1	1	1	1
MBTPS1	PTK2	1	1	1	1
MBTPS1	SCCPDH	1	1	1	1
MBTPS1	SMC1A	1	1	1	1
MBTPS1	TNFRSF21	1	1	1	1
MBTPS1	TOMM34	1	1	1	1
MBTPS1	TSC22D3	1	1	1	1
MBTPS1	WASF3	1	1	1	1
MBTPS1	ZNF586	1	1	1	1
MCM3	ACOT9	1	1	1	1
MCM3	ADO	1	1	1	1
MCM3	ARID5B	1	1	1	1
MCM3	BCL2	1	1	1	1
MCM3	BLMH	1	1	1	1
MCM3	BPHL	1	1	1	1
MCM3	CD97	1	1	1	1
MCM3	CLTB	1	1	1	1
MCM3	COG2	1	1	1	1
MCM3	CRKL	1	1	1	1
MCM3	DNAJA3	1	1	1	1
MCM3	DNAJB2	1	1	1	1
MCM3	EPB41L2	1	1	1	1
MCM3	FAH	1	1	1	1
MCM3	FEZ2	1	1	1	1
MCM3	GNAI2	1	1	1	1
MCM3	HK1	1	1	1	1
MCM3	HOXA5	1	1	1	1
MCM3	MAST2	1	1	1	1
MCM3	MCOLN1	1	1	1	1
MCM3	MLLT11	1	1	1	1
MCM3	NCAPD2	1	1	1	1
MCM3	NCOA3	1	1	1	1
MCM3	NPC1	1	1	1	1
MCM3	RPIA	1	1	1	1
MCM3	RPP38	1	1	1	1
MCM3	SKIV2L	1	1	1	1
MCM3	SLC35A3	1	1	1	1
MCM3	TCTA	1	1	1	1
MCM3	TNIP1	1	1	1	1
MCM3	TOR1A	1	1	1	1
MCM3	TPD52L2	1	1	1	1
MCM3	TRAM2	1	1	1	1
MCM3	TRIM13	1	1	1	1
MCM3	USP6NL	1	1	1	1
MCM3	VPS28	1	1	1	1
MCM3	WASF3	1	1	1	1
MCOLN1	ACLY	1	1	1	1
MCOLN1	ATP11B	1	1	1	1
MCOLN1	CDH3	1	1	1	1
MCOLN1	DNAJA3	1	1	1	1
MCOLN1	FAM20B	1	1	1	1
MCOLN1	FDFT1	1	1	1	1
MCOLN1	GATA3	1	1	1	1
MCOLN1	GRN	1	1	1	1
MCOLN1	MYC	1	1	1	1
MCOLN1	PAFAH1B3	1	1	1	1
MCOLN1	PHGDH	1	1	1	1
MCOLN1	RAE1	1	1	1	1
MCOLN1	RNPS1	1	1	1	1
MCOLN1	UBE2L6	1	1	1	1
ME2	ACOT9	1	1	1	1
ME2	CD97	1	1	1	1
ME2	CEBPZ	1	1	1	1
ME2	CENPE	1	1	1	1
ME2	CORO1A	1	1	1	1
ME2	DSG2	1	1	1	1
ME2	FDFT1	1	1	1	1
ME2	HN1L	1	1	1	1
ME2	KAT6B	1	1	1	1
ME2	PAN2	1	1	1	1
ME2	PCCB	1	1	1	1
ME2	PGRMC1	1	1	1	1
ME2	POLD4	1	1	1	1
ME2	PTPRK	1	1	1	1
ME2	RAB4A	1	1	1	1
ME2	SQRDL	1	1	1	1
ME2	YKT6	1	1	1	1
MELK	ABL1	1	1	1	1
MELK	ARID4B	1	1	1	1
MELK	DCUN1D4	1	1	1	1
MELK	DERA	1	1	1	1
MELK	DHX29	1	1	1	1
MELK	IPO13	1	1	1	1
MELK	LAMA3	1	1	1	1
MELK	MSRA	1	1	1	1
MELK	NMT1	1	1	1	1
MELK	PAF1	1	1	1	1
MELK	PNP	1	1	1	1
MELK	RAI14	1	1	1	1
MELK	TARBP1	1	1	1	1
MELK	TBX2	1	1	1	1
MELK	TSPAN3	1	1	1	1
MEST	ABHD6	1	1	1	1
MEST	ANXA7	1	1	1	1
MEST	ARPP19	1	1	1	1
MEST	BZW2	1	1	1	1
MEST	JUN	1	1	1	1
MEST	MAMLD1	1	1	1	1
MEST	NCAPD2	1	1	1	1
MEST	PAK4	1	1	1	1
MEST	PTPN1	1	1	1	1
MEST	RAD51C	1	1	1	1
MEST	RNH1	1	1	1	1
MEST	SENP6	1	1	1	1
MEST	SLC25A46	1	1	1	1
MEST	SMARCD2	1	1	1	1
MEST	SNX7	1	1	1	1
MEST	WFS1	1	1	1	1
METRN	APPBP2	1	1	1	1
METRN	DLD	1	1	1	1
METRN	DMTF1	1	1	1	1
METRN	FBXO7	1	1	1	1
METRN	GFPT1	1	1	1	1
METRN	GSTZ1	1	1	1	1
METRN	GTPBP8	1	1	1	1
METRN	HOMER2	1	1	1	1
METRN	ID2	1	1	1	1
METRN	INPP4B	1	1	1	1
METRN	KIAA1033	1	1	1	1
METRN	MAPK13	1	1	1	1
METRN	MEST	1	1	1	1
METRN	NUDT9	1	1	1	1
METRN	PACSIN3	1	1	1	1
METRN	PAFAH1B3	1	1	1	1
METRN	PPARG	1	1	1	1
METRN	PPIE	1	1	1	1
METRN	PRAF2	1	1	1	1
METRN	RAB31	1	1	1	1
METRN	RELB	1	1	1	1
METRN	RFNG	1	1	1	1
METRN	RRP1B	1	1	1	1
METRN	SCARB1	1	1	1	1
METRN	STK10	1	1	1	1
METRN	SYNGR3	1	1	1	1
METRN	TM9SF2	1	1	1	1
METRN	UBE2A	1	1	1	1
METRN	ZDHHC6	1	1	1	1
METRN	ZNF586	1	1	1	1
MFSD10	CPNE3	1	1	1	1
MFSD10	CSNK2A2	1	1	1	1
MFSD10	DUSP14	1	1	1	1
MFSD10	FAT1	1	1	1	1
MFSD10	GABPB1	1	1	1	1
MFSD10	GALE	1	1	1	1
MFSD10	GATA2	1	1	1	1
MFSD10	MAP2K5	1	1	1	1
MFSD10	MELK	1	1	1	1
MFSD10	OXCT1	1	1	1	1
MFSD10	P4HA2	1	1	1	1
MFSD10	PARP2	1	1	1	1
MFSD10	POLE2	1	1	1	1
MFSD10	PTPLAD1	1	1	1	1
MFSD10	RFX5	1	1	1	1
MFSD10	SLC25A46	1	1	1	1
MFSD10	SPRED2	1	1	1	1
MFSD10	SPTLC2	1	1	1	1
MFSD10	TCEAL4	1	1	1	1
MFSD10	TFAP2A	1	1	1	1
MFSD10	TMEM50A	1	1	1	1
MFSD10	TSPAN3	1	1	1	1
MFSD10	TSTA3	1	1	1	1
MFSD10	UFM1	1	1	1	1
MICALL1	GRB10	1	1	1	1
MICALL1	GRN	1	1	1	1
MICALL1	IKBKB	1	1	1	1
MICALL1	KLHL9	1	1	1	1
MICALL1	MBNL1	1	1	1	1
MICALL1	NUSAP1	1	1	1	1
MICALL1	PAPD7	1	1	1	1
MICALL1	PLSCR1	1	1	1	1
MICALL1	POLB	1	1	1	1
MICALL1	PPIE	1	1	1	1
MICALL1	RTN2	1	1	1	1
MICALL1	SFN	1	1	1	1
MICALL1	SLC37A4	1	1	1	1
MLEC	AKT1	1	1	1	1
MLEC	ANXA7	1	1	1	1
MLEC	CCNA2	1	1	1	1
MLEC	DDR1	1	1	1	1
MLEC	DYNLT3	1	1	1	1
MLEC	EAPP	1	1	1	1
MLEC	EBNA1BP2	1	1	1	1
MLEC	EPB41L2	1	1	1	1
MLEC	FHL2	1	1	1	1
MLEC	FSD1	1	1	1	1
MLEC	GATA3	1	1	1	1
MLEC	HEBP1	1	1	1	1
MLEC	HIST2H2BE	1	1	1	1
MLEC	HOXA5	1	1	1	1
MLEC	IL13RA1	1	1	1	1
MLEC	KDM5A	1	1	1	1
MLEC	TCFL5	1	1	1	1
MLLT11	B3GNT1	1	1	1	1
MLLT11	BECN1	1	1	1	1
MLLT11	CAPN1	1	1	1	1
MLLT11	CHERP	1	1	1	1
MLLT11	DENND2D	1	1	1	1
MLLT11	DNAJA3	1	1	1	1
MLLT11	ECD	1	1	1	1
MLLT11	FDFT1	1	1	1	1
MLLT11	GFOD1	1	1	1	1
MLLT11	IARS2	1	1	1	1
MLLT11	MAPK1IP1L	1	1	1	1
MLLT11	MCM3	1	1	1	1
MLLT11	PGM1	1	1	1	1
MLLT11	PPIC	1	1	1	1
MLLT11	PSMG1	1	1	1	1
MLLT11	RNH1	1	1	1	1
MLLT11	STK10	1	1	1	1
MLLT11	TSPAN6	1	1	1	1
MLLT11	TSTA3	1	1	1	1
MLLT11	ZNF586	1	1	1	1
MOK	ABHD6	1	1	1	1
MOK	ACAT2	1	1	1	1
MOK	ATG3	1	1	1	1
MOK	CASP3	1	1	1	1
MOK	CTSD	1	1	1	1
MOK	DCK	1	1	1	1
MOK	ELAC2	1	1	1	1
MOK	GNB5	1	1	1	1
MOK	HES1	1	1	1	1
MOK	LYN	1	1	1	1
MOK	MAPK1IP1L	1	1	1	1
MOK	NFIL3	1	1	1	1
MOK	PIN1	1	1	1	1
MOK	PRR15L	1	1	1	1
MOK	RAD51C	1	1	1	1
MOK	RFNG	1	1	1	1
MOK	RRAGA	1	1	1	1
MOK	TLE1	1	1	1	1
MPZL1	ANO10	1	1	1	1
MPZL1	CHMP6	1	1	1	1
MPZL1	DNM1	1	1	1	1
MPZL1	FCHO1	1	1	1	1
MPZL1	KCNK1	1	1	1	1
MPZL1	KIAA0753	1	1	1	1
MPZL1	MCOLN1	1	1	1	1
MPZL1	PNP	1	1	1	1
MPZL1	PTPLAD1	1	1	1	1
MPZL1	RELB	1	1	1	1
MPZL1	RRP1B	1	1	1	1
MPZL1	RRP8	1	1	1	1
MPZL1	SLC35F2	1	1	1	1
MPZL1	SMARCC1	1	1	1	1
MPZL1	UTP14A	1	1	1	1
MPZL1	WIPF2	1	1	1	1
MRPL19	ADAM10	1	1	1	1
MRPL19	CCP110	1	1	1	1
MRPL19	DECR1	1	1	1	1
MRPL19	DHX29	1	1	1	1
MRPL19	DNAJB6	1	1	1	1
MRPL19	EML3	1	1	1	1
MRPL19	GAA	1	1	1	1
MRPL19	GNA11	1	1	1	1
MRPL19	NUP93	1	1	1	1
MRPL19	NVL	1	1	1	1
MRPL19	PPIE	1	1	1	1
MRPL19	PTPLAD1	1	1	1	1
MRPL19	SLC25A13	1	1	1	1
MRPL19	SLC5A6	1	1	1	1
MRPL19	SPR	1	1	1	1
MRPL19	SQRDL	1	1	1	1
MRPL19	SYNE2	1	1	1	1
MRPL19	VAT1	1	1	1	1
MRPL19	YME1L1	1	1	1	1
MRPS16	ATP6V1D	1	1	1	1
MRPS16	BHLHE40	1	1	1	1
MRPS16	CCNF	1	1	1	1
MRPS16	DUSP22	1	1	1	1
MRPS16	ETFB	1	1	1	1
MRPS16	GATA3	1	1	1	1
MRPS16	GMNN	1	1	1	1
MRPS16	HDAC6	1	1	1	1
MRPS16	HN1L	1	1	1	1
MRPS16	HTRA1	1	1	1	1
MRPS16	IGF1R	1	1	1	1
MRPS16	IL13RA1	1	1	1	1
MRPS16	INPP4B	1	1	1	1
MRPS16	PCMT1	1	1	1	1
MRPS16	PPP2R5A	1	1	1	1
MRPS16	PRR7	1	1	1	1
MRPS16	SCAND1	1	1	1	1
MRPS16	SPAG7	1	1	1	1
MRPS16	TERF2IP	1	1	1	1
MRPS16	UFM1	1	1	1	1
MRPS2	ARFIP2	1	1	1	1
MRPS2	ATP6V1D	1	1	1	1
MRPS2	DHDDS	1	1	1	1
MRPS2	ISOC1	1	1	1	1
MRPS2	PCMT1	1	1	1	1
MRPS2	PIN1	1	1	1	1
MRPS2	POLD4	1	1	1	1
MRPS2	PPP2R5A	1	1	1	1
MRPS2	SGCB	1	1	1	1
MRPS2	SLC1A4	1	1	1	1
MRPS2	TBX2	1	1	1	1
MRPS2	WASF3	1	1	1	1
MRPS2	ZMIZ1	1	1	1	1
MRPS2	ZNF131	1	1	1	1
MSH6	AGL	1	1	1	1
MSH6	ANXA7	1	1	1	1
MSH6	BLMH	1	1	1	1
MSH6	CENPE	1	1	1	1
MSH6	CLTB	1	1	1	1
MSH6	CRYZ	1	1	1	1
MSH6	CXCR4	1	1	1	1
MSH6	DERA	1	1	1	1
MSH6	EML3	1	1	1	1
MSH6	GMNN	1	1	1	1
MSH6	NFE2L2	1	1	1	1
MSH6	NIPSNAP1	1	1	1	1
MSH6	NPC1	1	1	1	1
MSH6	PMM2	1	1	1	1
MSH6	RBKS	1	1	1	1
MSH6	SLC25A13	1	1	1	1
MSH6	SLC35F2	1	1	1	1
MSH6	SORBS3	1	1	1	1
MSH6	TATDN2	1	1	1	1
MSH6	TNIP1	1	1	1	1
MSH6	TRAPPC6A	1	1	1	1
MSH6	UBE2C	1	1	1	1
MSH6	UBE3C	1	1	1	1
MSRA	ARHGAP1	1	1	1	1
MSRA	CAT	1	1	1	1
MSRA	CCDC92	1	1	1	1
MSRA	CDCA4	1	1	1	1
MSRA	CHEK2	1	1	1	1
MSRA	CHN1	1	1	1	1
MSRA	CPSF4	1	1	1	1
MSRA	DLD	1	1	1	1
MSRA	ECH1	1	1	1	1
MSRA	FBXL12	1	1	1	1
MSRA	FCHO1	1	1	1	1
MSRA	FKBP4	1	1	1	1
MSRA	HAT1	1	1	1	1
MSRA	IL4R	1	1	1	1
MSRA	JUN	1	1	1	1
MSRA	KIAA0753	1	1	1	1
MSRA	LRRC16A	1	1	1	1
MSRA	MBOAT7	1	1	1	1
MSRA	MCM3	1	1	1	1
MSRA	MLEC	1	1	1	1
MSRA	NISCH	1	1	1	1
MSRA	NIT1	1	1	1	1
MSRA	NR3C1	1	1	1	1
MSRA	NVL	1	1	1	1
MSRA	PAF1	1	1	1	1
MSRA	PAPD7	1	1	1	1
MSRA	PDLIM1	1	1	1	1
MSRA	PIP4K2B	1	1	1	1
MSRA	PKIG	1	1	1	1
MSRA	PLS1	1	1	1	1
MSRA	PRR15L	1	1	1	1
MSRA	REEP5	1	1	1	1
MSRA	SH3BP5	1	1	1	1
MSRA	ST6GALNAC2	1	1	1	1
MSRA	STAMBP	1	1	1	1
MSRA	TBPL1	1	1	1	1
MSRA	TCTN1	1	1	1	1
MSRA	THAP11	1	1	1	1
MSRA	TRAP1	1	1	1	1
MSRA	TXNL4B	1	1	1	1
MSRA	VAT1	1	1	1	1
MSRA	ZFP36	1	1	1	1
MTA1	ABHD4	1	1	1	1
MTA1	CD320	1	1	1	1
MTA1	CD97	1	1	1	1
MTA1	COG7	1	1	1	1
MTA1	CSNK2A2	1	1	1	1
MTA1	DNAJB1	1	1	1	1
MTA1	FAH	1	1	1	1
MTA1	FAM57A	1	1	1	1
MTA1	FCHO1	1	1	1	1
MTA1	GNAI2	1	1	1	1
MTA1	GNB5	1	1	1	1
MTA1	GRN	1	1	1	1
MTA1	GTF2A2	1	1	1	1
MTA1	ILK	1	1	1	1
MTA1	ITGB1BP1	1	1	1	1
MTA1	KCTD5	1	1	1	1
MTA1	LIPA	1	1	1	1
MTA1	MLLT11	1	1	1	1
MTA1	PIH1D1	1	1	1	1
MTA1	POLB	1	1	1	1
MTA1	RBKS	1	1	1	1
MTA1	SACM1L	1	1	1	1
MTA1	SLC35A3	1	1	1	1
MTA1	SLC37A4	1	1	1	1
MTA1	STAMBP	1	1	1	1
MTA1	STK25	1	1	1	1
MTA1	TRIM13	1	1	1	1
MTA1	VAPB	1	1	1	1
MTA1	ZNF586	1	1	1	1
MTF2	AKAP8L	1	1	1	1
MTF2	DHRS7	1	1	1	1
MTF2	ITFG1	1	1	1	1
MTF2	NFIL3	1	1	1	1
MTF2	NUDCD3	1	1	1	1
MTF2	PAN2	1	1	1	1
MTF2	PGRMC1	1	1	1	1
MTF2	POP4	1	1	1	1
MTF2	PPP2R5A	1	1	1	1
MTF2	RAD51C	1	1	1	1
MTF2	RELB	1	1	1	1
MTF2	RNPS1	1	1	1	1
MTF2	UBQLN2	1	1	1	1
MTF2	WASF3	1	1	1	1
MTF2	XPNPEP1	1	1	1	1
MTFR1	CAPN1	1	1	1	1
MTFR1	CAST	1	1	1	1
MTFR1	CNDP2	1	1	1	1
MTFR1	CYTH1	1	1	1	1
MTFR1	DHX29	1	1	1	1
MTFR1	EBNA1BP2	1	1	1	1
MTFR1	GNAI2	1	1	1	1
MTFR1	MYO10	1	1	1	1
MTFR1	RSU1	1	1	1	1
MTFR1	SLC37A4	1	1	1	1
MTFR1	STXBP2	1	1	1	1
MTFR1	TIAM1	1	1	1	1
MTFR1	USP1	1	1	1	1
MTHFD2	CCNF	1	1	1	1
MTHFD2	CXCR4	1	1	1	1
MTHFD2	DUSP14	1	1	1	1
MTHFD2	GABPB1	1	1	1	1
MTHFD2	HDAC2	1	1	1	1
MTHFD2	IKBKAP	1	1	1	1
MTHFD2	LOXL1	1	1	1	1
MTHFD2	MLLT11	1	1	1	1
MTHFD2	MTHFD2	1	1	1	1
MTHFD2	NOSIP	1	1	1	1
MTHFD2	PAK4	1	1	1	1
MTHFD2	PIGB	1	1	1	1
MTHFD2	PLOD3	1	1	1	1
MTHFD2	PTPN12	1	1	1	1
MTHFD2	SACM1L	1	1	1	1
MTHFD2	VAV3	1	1	1	1
MVP	ADAM10	1	1	1	1
MVP	ALDOC	1	1	1	1
MVP	CLSTN1	1	1	1	1
MVP	DERA	1	1	1	1
MVP	DHX29	1	1	1	1
MVP	ELAC2	1	1	1	1
MVP	FAIM	1	1	1	1
MVP	FAM20B	1	1	1	1
MVP	FBXO7	1	1	1	1
MVP	HOMER2	1	1	1	1
MVP	IL13RA1	1	1	1	1
MVP	JMJD6	1	1	1	1
MVP	KDELR2	1	1	1	1
MVP	KEAP1	1	1	1	1
MVP	KIAA0355	1	1	1	1
MVP	LRRC16A	1	1	1	1
MVP	NCAPD2	1	1	1	1
MVP	PAPD7	1	1	1	1
MVP	POLD4	1	1	1	1
MVP	POLR2K	1	1	1	1
MVP	RBM6	1	1	1	1
MVP	RNPS1	1	1	1	1
MVP	SKIV2L	1	1	1	1
MVP	SNX13	1	1	1	1
MVP	TARBP1	1	1	1	1
MVP	TMEM2	1	1	1	1
MVP	UBQLN2	1	1	1	1
MVP	ZDHHC6	1	1	1	1
MVP	ZNF274	1	1	1	1
MYBL2	AGL	1	1	1	1
MYBL2	CRTAP	1	1	1	1
MYBL2	EBNA1BP2	1	1	1	1
MYBL2	FAIM	1	1	1	1
MYBL2	FAM69A	1	1	1	1
MYBL2	GATA3	1	1	1	1
MYBL2	GTPBP8	1	1	1	1
MYBL2	HEBP1	1	1	1	1
MYBL2	HOMER2	1	1	1	1
MYBL2	KIAA1033	1	1	1	1
MYBL2	MTFR1	1	1	1	1
MYBL2	PAPD7	1	1	1	1
MYBL2	PSMG1	1	1	1	1
MYBL2	RFX5	1	1	1	1
MYBL2	RRAGA	1	1	1	1
MYBL2	SCYL3	1	1	1	1
MYBL2	TCTN1	1	1	1	1
MYBL2	TRIB3	1	1	1	1
MYBL2	UBE2C	1	1	1	1
MYC	APPBP2	1	1	1	1
MYC	ATG3	1	1	1	1
MYC	CASK	1	1	1	1
MYC	CISD1	1	1	1	1
MYC	COPS7A	1	1	1	1
MYC	FDFT1	1	1	1	1
MYC	HTATSF1	1	1	1	1
MYC	IGF1R	1	1	1	1
MYC	KDELR2	1	1	1	1
MYC	LGALS8	1	1	1	1
MYC	LOXL1	1	1	1	1
MYC	MYO10	1	1	1	1
MYC	PGRMC1	1	1	1	1
MYC	PRSS23	1	1	1	1
MYC	SACM1L	1	1	1	1
MYC	SSBP2	1	1	1	1
MYC	TRAM2	1	1	1	1
MYC	TRIM2	1	1	1	1
MYC	UBE2J1	1	1	1	1
MYC	UBE3C	1	1	1	1
MYCBP	ANKRD10	1	1	1	1
MYCBP	CCNB2	1	1	1	1
MYCBP	CCNF	1	1	1	1
MYCBP	CRKL	1	1	1	1
MYCBP	DPH2	1	1	1	1
MYCBP	DUSP11	1	1	1	1
MYCBP	EAPP	1	1	1	1
MYCBP	ECH1	1	1	1	1
MYCBP	ITGB1BP1	1	1	1	1
MYCBP	KIF2C	1	1	1	1
MYCBP	KLHL21	1	1	1	1
MYCBP	MAMLD1	1	1	1	1
MYCBP	MAPK1IP1L	1	1	1	1
MYCBP	MAPKAPK5	1	1	1	1
MYCBP	PCMT1	1	1	1	1
MYCBP	PIK3C2B	1	1	1	1
MYCBP	PIN1	1	1	1	1
MYCBP	PYCR1	1	1	1	1
MYCBP	RAB4A	1	1	1	1
MYCBP	SHB	1	1	1	1
MYCBP	STAP2	1	1	1	1
MYCBP	STK25	1	1	1	1
MYCBP	TMEM97	1	1	1	1
MYCBP	TNIP1	1	1	1	1
MYCBP	UFM1	1	1	1	1
MYCBP	UGDH	1	1	1	1
MYCBP	WIPF2	1	1	1	1
MYCBP2	ABCF3	1	1	1	1
MYCBP2	ANKRD10	1	1	1	1
MYCBP2	CAT	1	1	1	1
MYCBP2	CFLAR	1	1	1	1
MYCBP2	DNAJA3	1	1	1	1
MYCBP2	DUSP11	1	1	1	1
MYCBP2	ELAVL1	1	1	1	1
MYCBP2	FAM63A	1	1	1	1
MYCBP2	FEZ2	1	1	1	1
MYCBP2	GDPD5	1	1	1	1
MYCBP2	ICMT	1	1	1	1
MYCBP2	IER3	1	1	1	1
MYCBP2	IKBKB	1	1	1	1
MYCBP2	IKBKE	1	1	1	1
MYCBP2	LRPAP1	1	1	1	1
MYCBP2	MTA1	1	1	1	1
MYCBP2	RAD9A	1	1	1	1
MYCBP2	SLC35F2	1	1	1	1
MYCBP2	TMCO1	1	1	1	1
MYCBP2	TPD52L2	1	1	1	1
MYCBP2	ZNF318	1	1	1	1
MYO10	ABCC5	1	1	1	1
MYO10	ADCK3	1	1	1	1
MYO10	AMDHD2	1	1	1	1
MYO10	CETN3	1	1	1	1
MYO10	CGRRF1	1	1	1	1
MYO10	CNOT4	1	1	1	1
MYO10	COPS7A	1	1	1	1
MYO10	DHX29	1	1	1	1
MYO10	DRAP1	1	1	1	1
MYO10	ECH1	1	1	1	1
MYO10	EDEM1	1	1	1	1
MYO10	GPATCH8	1	1	1	1
MYO10	IFRD2	1	1	1	1
MYO10	IKBKAP	1	1	1	1
MYO10	ITFG1	1	1	1	1
MYO10	LYN	1	1	1	1
MYO10	MAP7	1	1	1	1
MYO10	NFE2L2	1	1	1	1
MYO10	TMED10	1	1	1	1
MYO10	ZMIZ1	1	1	1	1
MYO10	ZNF589	1	1	1	1
NARFL	CREG1	1	1	1	1
NARFL	DNAJB6	1	1	1	1
NARFL	GNPDA1	1	1	1	1
NARFL	ICMT	1	1	1	1
NARFL	KCTD5	1	1	1	1
NARFL	LOXL1	1	1	1	1
NARFL	MEST	1	1	1	1
NARFL	PAPD7	1	1	1	1
NARFL	PPP2R5A	1	1	1	1
NARFL	RELB	1	1	1	1
NARFL	SKIV2L	1	1	1	1
NARFL	SLC35A1	1	1	1	1
NARFL	SMC3	1	1	1	1
NARFL	TCEAL4	1	1	1	1
NARFL	TRAPPC3	1	1	1	1
NARFL	TXNDC9	1	1	1	1
NARFL	YKT6	1	1	1	1
NARFL	ZNF589	1	1	1	1
NCAPD2	BAD	1	1	1	1
NCAPD2	CLSTN1	1	1	1	1
NCAPD2	FOXO4	1	1	1	1
NCAPD2	INSIG1	1	1	1	1
NCAPD2	MACF1	1	1	1	1
NCAPD2	NFE2L2	1	1	1	1
NCAPD2	NR2F6	1	1	1	1
NCAPD2	PRUNE	1	1	1	1
NCAPD2	PTPLAD1	1	1	1	1
NCAPD2	RNPS1	1	1	1	1
NCAPD2	RPA3	1	1	1	1
NCAPD2	RRP8	1	1	1	1
NCAPD2	S100A4	1	1	1	1
NCAPD2	SENP6	1	1	1	1
NCAPD2	TOPBP1	1	1	1	1
NCOA3	ABL1	1	1	1	1
NCOA3	ATP6V1D	1	1	1	1
NCOA3	CCDC92	1	1	1	1
NCOA3	CCNB2	1	1	1	1
NCOA3	CDCA4	1	1	1	1
NCOA3	COG2	1	1	1	1
NCOA3	DLD	1	1	1	1
NCOA3	ETFB	1	1	1	1
NCOA3	GLRX	1	1	1	1
NCOA3	HOXA5	1	1	1	1
NCOA3	IKBKAP	1	1	1	1
NCOA3	INPP4B	1	1	1	1
NCOA3	MSH6	1	1	1	1
NCOA3	NFIL3	1	1	1	1
NCOA3	SENP6	1	1	1	1
NCOA3	ST7	1	1	1	1
NCOA3	TRIM13	1	1	1	1
NCOA3	TSC22D3	1	1	1	1
NCOA3	VAV3	1	1	1	1
NENF	FCHO1	1	1	1	1
NENF	GRN	1	1	1	1
NENF	IARS2	1	1	1	1
NENF	IKBKAP	1	1	1	1
NENF	METRN	1	1	1	1
NENF	MFSD10	1	1	1	1
NENF	MLEC	1	1	1	1
NENF	RPA3	1	1	1	1
NENF	STK25	1	1	1	1
NENF	STUB1	1	1	1	1
NENF	TLE1	1	1	1	1
NENF	TM9SF2	1	1	1	1
NENF	ZFP36	1	1	1	1
NET1	AKR7A2	1	1	1	1
NET1	CAPN1	1	1	1	1
NET1	CD44	1	1	1	1
NET1	CHEK2	1	1	1	1
NET1	CLTB	1	1	1	1
NET1	CTNND1	1	1	1	1
NET1	FAM57A	1	1	1	1
NET1	KIF2C	1	1	1	1
NET1	NOLC1	1	1	1	1
NET1	PYCR1	1	1	1	1
NET1	RPN1	1	1	1	1
NET1	RRP8	1	1	1	1
NET1	SLC25A13	1	1	1	1
NET1	SPAG4	1	1	1	1
NET1	SPAG7	1	1	1	1
NET1	TM9SF3	1	1	1	1
NET1	TP53BP2	1	1	1	1
NET1	ZDHHC6	1	1	1	1
NFE2L2	BLMH	1	1	1	1
NFE2L2	CBR1	1	1	1	1
NFE2L2	CHN1	1	1	1	1
NFE2L2	EIF5	1	1	1	1
NFE2L2	FAM63A	1	1	1	1
NFE2L2	HEATR1	1	1	1	1
NFE2L2	HERC6	1	1	1	1
NFE2L2	MRPL19	1	1	1	1
NFE2L2	PCBD1	1	1	1	1
NFE2L2	PPIC	1	1	1	1
NFE2L2	RRAGA	1	1	1	1
NFE2L2	SPEN	1	1	1	1
NFE2L2	TIMP2	1	1	1	1
NFE2L2	UBR7	1	1	1	1
NFE2L2	ZNF318	1	1	1	1
NFIL3	BCL7B	1	1	1	1
NFIL3	CRKL	1	1	1	1
NFIL3	EDEM1	1	1	1	1
NFIL3	GFPT1	1	1	1	1
NFIL3	KEAP1	1	1	1	1
NFIL3	KIF20A	1	1	1	1
NFIL3	LSM5	1	1	1	1
NFIL3	METRN	1	1	1	1
NFIL3	MPZL1	1	1	1	1
NFIL3	PKIG	1	1	1	1
NFIL3	PSRC1	1	1	1	1
NIPSNAP1	CDKN1A	1	1	1	1
NIPSNAP1	COPS7A	1	1	1	1
NIPSNAP1	CXCR4	1	1	1	1
NIPSNAP1	EBP	1	1	1	1
NIPSNAP1	ECD	1	1	1	1
NIPSNAP1	EPN2	1	1	1	1
NIPSNAP1	FBXL12	1	1	1	1
NIPSNAP1	MLLT11	1	1	1	1
NIPSNAP1	MSH6	1	1	1	1
NIPSNAP1	NIPSNAP1	1	1	1	1
NIPSNAP1	OXA1L	1	1	1	1
NIPSNAP1	PGRMC1	1	1	1	1
NIPSNAP1	PTPLAD1	1	1	1	1
NIPSNAP1	SPTLC2	1	1	1	1
NISCH	ANXA7	1	1	1	1
NISCH	DHDDS	1	1	1	1
NISCH	EBNA1BP2	1	1	1	1
NISCH	FAIM	1	1	1	1
NISCH	FAM20B	1	1	1	1
NISCH	FIS1	1	1	1	1
NISCH	GLOD4	1	1	1	1
NISCH	GRN	1	1	1	1
NISCH	ICAM3	1	1	1	1
NISCH	IPO13	1	1	1	1
NISCH	KDM5B	1	1	1	1
NISCH	LAGE3	1	1	1	1
NISCH	MFSD10	1	1	1	1
NISCH	NOLC1	1	1	1	1
NISCH	PAFAH1B1	1	1	1	1
NISCH	PIGB	1	1	1	1
NISCH	PTPLAD1	1	1	1	1
NISCH	PYCR1	1	1	1	1
NISCH	RAP1GAP	1	1	1	1
NISCH	REEP5	1	1	1	1
NISCH	TCTN1	1	1	1	1
NIT1	DNAJB2	1	1	1	1
NIT1	IKBKB	1	1	1	1
NIT1	KIF2C	1	1	1	1
NIT1	KIF5C	1	1	1	1
NIT1	RAB11FIP2	1	1	1	1
NIT1	SMARCD2	1	1	1	1
NMT1	AGL	1	1	1	1
NMT1	BACE2	1	1	1	1
NMT1	BLCAP	1	1	1	1
NMT1	C2CD2L	1	1	1	1
NMT1	CDC45	1	1	1	1
NMT1	CFLAR	1	1	1	1
NMT1	CRYZ	1	1	1	1
NMT1	DHRS7	1	1	1	1
NMT1	DLD	1	1	1	1
NMT1	ELAVL1	1	1	1	1
NMT1	EPB41L2	1	1	1	1
NMT1	EPRS	1	1	1	1
NMT1	GALE	1	1	1	1
NMT1	GNB5	1	1	1	1
NMT1	IDE	1	1	1	1
NMT1	MTHFD2	1	1	1	1
NMT1	MYC	1	1	1	1
NMT1	NARFL	1	1	1	1
NMT1	PRKCD	1	1	1	1
NMT1	PRUNE	1	1	1	1
NMT1	RELB	1	1	1	1
NMT1	SQRDL	1	1	1	1
NMT1	TBXA2R	1	1	1	1
NMT1	TOR1A	1	1	1	1
NMT1	UBQLN2	1	1	1	1
NMT1	VGLL4	1	1	1	1
NNT	ATP6V1D	1	1	1	1
NNT	BIRC5	1	1	1	1
NNT	BLVRA	1	1	1	1
NNT	CISD1	1	1	1	1
NNT	GFOD1	1	1	1	1
NNT	HERC6	1	1	1	1
NNT	LRPAP1	1	1	1	1
NNT	MSRA	1	1	1	1
NNT	MTHFD2	1	1	1	1
NNT	PHKB	1	1	1	1
NNT	TCEAL4	1	1	1	1
NNT	TCTN1	1	1	1	1
NNT	UBR7	1	1	1	1
NOL3	ALAS1	1	1	1	1
NOL3	BNIP3	1	1	1	1
NOL3	CCDC86	1	1	1	1
NOL3	DNAJB1	1	1	1	1
NOL3	DNM1	1	1	1	1
NOL3	FBXL12	1	1	1	1
NOL3	GSTZ1	1	1	1	1
NOL3	HK1	1	1	1	1
NOL3	HOMER2	1	1	1	1
NOL3	PRUNE	1	1	1	1
NOL3	RELB	1	1	1	1
NOL3	STX1A	1	1	1	1
NOL3	TBC1D9B	1	1	1	1
NOL3	TEX10	1	1	1	1
NOL3	TM9SF3	1	1	1	1
NOL3	TRIM2	1	1	1	1
NOL3	WDTC1	1	1	1	1
NOL3	XPO7	1	1	1	1
NOLC1	ARHGAP1	1	1	1	1
NOLC1	CTNND1	1	1	1	1
NOLC1	DNAJA3	1	1	1	1
NOLC1	DNAJB2	1	1	1	1
NOLC1	KIF20A	1	1	1	1
NOLC1	KLHDC2	1	1	1	1
NOLC1	NARFL	1	1	1	1
NOLC1	ORC1	1	1	1	1
NOLC1	RELB	1	1	1	1
NOLC1	RPA2	1	1	1	1
NOLC1	SCRN1	1	1	1	1
NOLC1	SFN	1	1	1	1
NOLC1	SLC25A46	1	1	1	1
NOLC1	ST6GALNAC2	1	1	1	1
NOLC1	TFAP2A	1	1	1	1
NOLC1	TSKU	1	1	1	1
NOLC1	VAV3	1	1	1	1
NOSIP	CDH3	1	1	1	1
NOSIP	CXCR4	1	1	1	1
NOSIP	EVL	1	1	1	1
NOSIP	FAH	1	1	1	1
NOSIP	KIAA1033	1	1	1	1
NOSIP	LGMN	1	1	1	1
NOSIP	MPZL1	1	1	1	1
NOSIP	RAB27A	1	1	1	1
NOSIP	RAB4A	1	1	1	1
NOSIP	RFC5	1	1	1	1
NOSIP	SLC27A3	1	1	1	1
NOSIP	TIMM9	1	1	1	1
NOSIP	TOPBP1	1	1	1	1
NOSIP	YKT6	1	1	1	1
NPC1	ARID5B	1	1	1	1
NPC1	CYB561	1	1	1	1
NPC1	DERA	1	1	1	1
NPC1	EPB41L2	1	1	1	1
NPC1	ERBB3	1	1	1	1
NPC1	GDPD5	1	1	1	1
NPC1	GRWD1	1	1	1	1
NPC1	IER3	1	1	1	1
NPC1	LIG1	1	1	1	1
NPC1	NSDHL	1	1	1	1
NPC1	NUP85	1	1	1	1
NPC1	PDIA5	1	1	1	1
NPC1	RFX5	1	1	1	1
NPC1	STMN1	1	1	1	1
NPC1	TRAK2	1	1	1	1
NPC1	TSPAN3	1	1	1	1
NPC1	UBQLN2	1	1	1	1
NPC1	UBR7	1	1	1	1
NR1H2	ANKRD10	1	1	1	1
NR1H2	BACE2	1	1	1	1
NR1H2	C2CD2L	1	1	1	1
NR1H2	CCP110	1	1	1	1
NR1H2	CD320	1	1	1	1
NR1H2	CD97	1	1	1	1
NR1H2	CORO1A	1	1	1	1
NR1H2	CXCR4	1	1	1	1
NR1H2	IDE	1	1	1	1
NR1H2	KAT6B	1	1	1	1
NR1H2	KCTD5	1	1	1	1
NR1H2	KIAA0355	1	1	1	1
NR1H2	KTN1	1	1	1	1
NR1H2	PRSS23	1	1	1	1
NR1H2	TRAPPC3	1	1	1	1
NR1H2	TXLNA	1	1	1	1
NR2F6	ANXA7	1	1	1	1
NR2F6	ATP6V0B	1	1	1	1
NR2F6	CAMSAP2	1	1	1	1
NR2F6	GDPD5	1	1	1	1
NR2F6	KDM5A	1	1	1	1
NR2F6	NNT	1	1	1	1
NR2F6	TBX2	1	1	1	1
NR2F6	TERF2IP	1	1	1	1
NR2F6	UBE2C	1	1	1	1
NR2F6	XPNPEP1	1	1	1	1
NR3C1	BCL2	1	1	1	1
NR3C1	BPHL	1	1	1	1
NR3C1	BUB1B	1	1	1	1
NR3C1	CBR1	1	1	1	1
NR3C1	CEBPZ	1	1	1	1
NR3C1	CETN3	1	1	1	1
NR3C1	DERA	1	1	1	1
NR3C1	EBNA1BP2	1	1	1	1
NR3C1	HEBP1	1	1	1	1
NR3C1	PIP4K2B	1	1	1	1
NR3C1	RNH1	1	1	1	1
NR3C1	TP53BP1	1	1	1	1
NR3C1	TSKU	1	1	1	1
NR3C1	VPS28	1	1	1	1
NRAS	CASK	1	1	1	1
NRAS	CNPY3	1	1	1	1
NRAS	COPS7A	1	1	1	1
NRAS	ETFB	1	1	1	1
NRAS	FCHO1	1	1	1	1
NRAS	GNAI2	1	1	1	1
NRAS	HEBP1	1	1	1	1
NRAS	KDM5B	1	1	1	1
NRAS	LGALS8	1	1	1	1
NRAS	LRRC16A	1	1	1	1
NRAS	NCAPD2	1	1	1	1
NRAS	PHKB	1	1	1	1
NRAS	SOX4	1	1	1	1
NRAS	STK10	1	1	1	1
NRAS	TCEA2	1	1	1	1
NRAS	TERF2IP	1	1	1	1
NRAS	TP53BP1	1	1	1	1
NRAS	TSC22D3	1	1	1	1
NRAS	USP14	1	1	1	1
NRAS	XPNPEP1	1	1	1	1
NRIP1	ANO10	1	1	1	1
NRIP1	CLSTN1	1	1	1	1
NRIP1	COG2	1	1	1	1
NRIP1	CPSF4	1	1	1	1
NRIP1	CSNK2A2	1	1	1	1
NRIP1	GALE	1	1	1	1
NRIP1	GRN	1	1	1	1
NRIP1	KDM5A	1	1	1	1
NRIP1	KLHDC2	1	1	1	1
NRIP1	MBNL2	1	1	1	1
NRIP1	NT5DC2	1	1	1	1
NRIP1	PSIP1	1	1	1	1
NRIP1	SESN1	1	1	1	1
NRIP1	SLC27A3	1	1	1	1
NRIP1	SYNGR3	1	1	1	1
NRIP1	TES	1	1	1	1
NRIP1	TIMP2	1	1	1	1
NRIP1	TMCO1	1	1	1	1
NRIP1	TSTA3	1	1	1	1
NSDHL	ABCC5	1	1	1	1
NSDHL	ARNT2	1	1	1	1
NSDHL	CERK	1	1	1	1
NSDHL	CRTAP	1	1	1	1
NSDHL	CTNNAL1	1	1	1	1
NSDHL	DHX29	1	1	1	1
NSDHL	DMTF1	1	1	1	1
NSDHL	DNAJB2	1	1	1	1
NSDHL	DUSP14	1	1	1	1
NSDHL	GNAI2	1	1	1	1
NSDHL	GTPBP8	1	1	1	1
NSDHL	HN1L	1	1	1	1
NSDHL	INPP1	1	1	1	1
NSDHL	MRPS2	1	1	1	1
NSDHL	MSRA	1	1	1	1
NSDHL	NFE2L2	1	1	1	1
NSDHL	NNT	1	1	1	1
NSDHL	PSIP1	1	1	1	1
NSDHL	PSRC1	1	1	1	1
NSDHL	RAB4A	1	1	1	1
NSDHL	RNH1	1	1	1	1
NSDHL	TIAM1	1	1	1	1
NT5DC2	ABL1	1	1	1	1
NT5DC2	ANKRD10	1	1	1	1
NT5DC2	ARHGAP1	1	1	1	1
NT5DC2	BECN1	1	1	1	1
NT5DC2	BHLHE40	1	1	1	1
NT5DC2	C2CD2L	1	1	1	1
NT5DC2	CCDC85B	1	1	1	1
NT5DC2	CCNA2	1	1	1	1
NT5DC2	CCNF	1	1	1	1
NT5DC2	CHMP6	1	1	1	1
NT5DC2	CRKL	1	1	1	1
NT5DC2	DHDDS	1	1	1	1
NT5DC2	EBNA1BP2	1	1	1	1
NT5DC2	FAIM	1	1	1	1
NT5DC2	GAPDH	1	1	1	1
NT5DC2	HPRT1	1	1	1	1
NT5DC2	HYOU1	1	1	1	1
NT5DC2	IKBKE	1	1	1	1
NT5DC2	KDM3A	1	1	1	1
NT5DC2	KLHDC2	1	1	1	1
NT5DC2	LAMA3	1	1	1	1
NT5DC2	MAP7	1	1	1	1
NT5DC2	MAPKAPK5	1	1	1	1
NT5DC2	MLEC	1	1	1	1
NT5DC2	MSH6	1	1	1	1
NT5DC2	MVP	1	1	1	1
NT5DC2	NR1H2	1	1	1	1
NT5DC2	PAFAH1B1	1	1	1	1
NT5DC2	PLS1	1	1	1	1
NT5DC2	PTPLAD1	1	1	1	1
NT5DC2	TBC1D9B	1	1	1	1
NT5DC2	TBX2	1	1	1	1
NT5DC2	TES	1	1	1	1
NT5DC2	UBQLN2	1	1	1	1
NT5DC2	WFS1	1	1	1	1
NUCB2	AURKA	1	1	1	1
NUCB2	DUSP11	1	1	1	1
NUCB2	FKBP14	1	1	1	1
NUCB2	GPATCH8	1	1	1	1
NUCB2	HSD17B11	1	1	1	1
NUCB2	PIK3C2B	1	1	1	1
NUCB2	SLC1A4	1	1	1	1
NUCB2	SMC3	1	1	1	1
NUCB2	TBX2	1	1	1	1
NUCB2	TMEM97	1	1	1	1
NUCB2	ZNF589	1	1	1	1
NUDCD3	ACOT9	1	1	1	1
NUDCD3	BCL7B	1	1	1	1
NUDCD3	CFLAR	1	1	1	1
NUDCD3	CHN1	1	1	1	1
NUDCD3	DCTD	1	1	1	1
NUDCD3	GALE	1	1	1	1
NUDCD3	ITFG1	1	1	1	1
NUDCD3	MFSD10	1	1	1	1
NUDCD3	NET1	1	1	1	1
NUDCD3	NISCH	1	1	1	1
NUDCD3	NR1H2	1	1	1	1
NUDCD3	NR2F6	1	1	1	1
NUDCD3	PRPF4	1	1	1	1
NUDCD3	PTK2	1	1	1	1
NUDCD3	REEP5	1	1	1	1
NUDCD3	SKIV2L	1	1	1	1
NUDCD3	TSKU	1	1	1	1
NUDT9	CALU	1	1	1	1
NUDT9	DCTD	1	1	1	1
NUDT9	DHX29	1	1	1	1
NUDT9	FOXJ3	1	1	1	1
NUDT9	GAA	1	1	1	1
NUDT9	GTF2E2	1	1	1	1
NUDT9	HEBP1	1	1	1	1
NUDT9	IPO13	1	1	1	1
NUDT9	STAP2	1	1	1	1
NUDT9	STXBP1	1	1	1	1
NUDT9	TP53BP1	1	1	1	1
NUP133	ADI1	1	1	1	1
NUP133	BLVRA	1	1	1	1
NUP133	DDR1	1	1	1	1
NUP133	FASTKD5	1	1	1	1
NUP133	INPP1	1	1	1	1
NUP133	MYO10	1	1	1	1
NUP133	PAK4	1	1	1	1
NUP133	PNKP	1	1	1	1
NUP133	SCYL3	1	1	1	1
NUP133	STAP2	1	1	1	1
NUP62	DLD	1	1	1	1
NUP62	EXT1	1	1	1	1
NUP62	FAM63A	1	1	1	1
NUP62	PSMG1	1	1	1	1
NUP62	SLC35A3	1	1	1	1
NUP62	TBPL1	1	1	1	1
NUP62	TOMM70A	1	1	1	1
NUP62	TXLNA	1	1	1	1
NUP62	UBQLN2	1	1	1	1
NUP85	ACAT2	1	1	1	1
NUP85	AKR7A2	1	1	1	1
NUP85	CAST	1	1	1	1
NUP85	EAPP	1	1	1	1
NUP85	ECD	1	1	1	1
NUP85	FAM63A	1	1	1	1
NUP85	GRN	1	1	1	1
NUP85	HIST2H2BE	1	1	1	1
NUP85	KCNK1	1	1	1	1
NUP85	LRRC16A	1	1	1	1
NUP85	NIPSNAP1	1	1	1	1
NUP85	PIH1D1	1	1	1	1
NUP85	SORBS3	1	1	1	1
NUP85	TCFL5	1	1	1	1
NUP85	TRAPPC6A	1	1	1	1
NUP85	ZNF131	1	1	1	1
NUP88	CHERP	1	1	1	1
NUP88	DNAJB6	1	1	1	1
NUP88	FBXL12	1	1	1	1
NUP88	KAT6A	1	1	1	1
NUP88	KTN1	1	1	1	1
NUP88	NUSAP1	1	1	1	1
NUP88	ORC1	1	1	1	1
NUP88	PSMD10	1	1	1	1
NUP88	SMC4	1	1	1	1
NUP88	TCEAL4	1	1	1	1
NUP88	TMED10	1	1	1	1
NUP88	TP53BP2	1	1	1	1
NUP88	UBE2L6	1	1	1	1
NUP88	VPS28	1	1	1	1
NUP88	ZW10	1	1	1	1
NUP93	CBR1	1	1	1	1
NUP93	EAPP	1	1	1	1
NUP93	ETFB	1	1	1	1
NUP93	EZH2	1	1	1	1
NUP93	FAM63A	1	1	1	1
NUP93	H2AFV	1	1	1	1
NUP93	KIF5C	1	1	1	1
NUP93	ME2	1	1	1	1
NUP93	NUP93	1	1	1	1
NUP93	PIH1D1	1	1	1	1
NUP93	PUF60	1	1	1	1
NUSAP1	ADCK3	1	1	1	1
NUSAP1	ARHGEF2	1	1	1	1
NUSAP1	CASC3	1	1	1	1
NUSAP1	COG2	1	1	1	1
NUSAP1	EPRS	1	1	1	1
NUSAP1	FAM20B	1	1	1	1
NUSAP1	FDFT1	1	1	1	1
NUSAP1	HMG20B	1	1	1	1
NUSAP1	HOOK2	1	1	1	1
NUSAP1	MAPK9	1	1	1	1
NUSAP1	MYBL2	1	1	1	1
NUSAP1	NIPSNAP1	1	1	1	1
NUSAP1	NIT1	1	1	1	1
NUSAP1	PIP4K2B	1	1	1	1
NUSAP1	PPP2R5A	1	1	1	1
NUSAP1	PSMD10	1	1	1	1
NUSAP1	TRIB1	1	1	1	1
NUSAP1	TSKU	1	1	1	1
NUSAP1	UBE2A	1	1	1	1
NUSAP1	VAV3	1	1	1	1
NVL	CENPE	1	1	1	1
NVL	CFLAR	1	1	1	1
NVL	CHEK2	1	1	1	1
NVL	DHRS7	1	1	1	1
NVL	DHX29	1	1	1	1
NVL	GOLT1B	1	1	1	1
NVL	IKBKB	1	1	1	1
NVL	KCNK1	1	1	1	1
NVL	KIAA0196	1	1	1	1
NVL	LIPA	1	1	1	1
NVL	NOLC1	1	1	1	1
NVL	PDS5A	1	1	1	1
NVL	RBM15B	1	1	1	1
NVL	SPAG4	1	1	1	1
NVL	TMED10	1	1	1	1
NVL	TRAPPC6A	1	1	1	1
NVL	TSEN2	1	1	1	1
NVL	USP6NL	1	1	1	1
ORC1	ATP6V1D	1	1	1	1
ORC1	CCP110	1	1	1	1
ORC1	CORO1A	1	1	1	1
ORC1	MTFR1	1	1	1	1
ORC1	NOSIP	1	1	1	1
ORC1	PRKCD	1	1	1	1
ORC1	PSIP1	1	1	1	1
ORC1	PYCR1	1	1	1	1
ORC1	TOMM34	1	1	1	1
ORC1	TXLNA	1	1	1	1
OXA1L	ARNT2	1	1	1	1
OXA1L	BUB1B	1	1	1	1
OXA1L	CAST	1	1	1	1
OXA1L	CD320	1	1	1	1
OXA1L	CPNE3	1	1	1	1
OXA1L	CPSF4	1	1	1	1
OXA1L	DDIT4	1	1	1	1
OXA1L	DENND2D	1	1	1	1
OXA1L	DLD	1	1	1	1
OXA1L	DNAJA3	1	1	1	1
OXA1L	FAM57A	1	1	1	1
OXA1L	FOS	1	1	1	1
OXA1L	GABPB1	1	1	1	1
OXA1L	IKBKAP	1	1	1	1
OXA1L	LGMN	1	1	1	1
OXA1L	MBOAT7	1	1	1	1
OXA1L	MFSD10	1	1	1	1
OXA1L	NMT1	1	1	1	1
OXA1L	NRAS	1	1	1	1
OXA1L	PPIE	1	1	1	1
OXA1L	PRR15L	1	1	1	1
OXA1L	RAB31	1	1	1	1
OXA1L	RPS6KA1	1	1	1	1
OXA1L	SKIV2L	1	1	1	1
OXA1L	STK10	1	1	1	1
OXA1L	SUPV3L1	1	1	1	1
OXA1L	TIAM1	1	1	1	1
OXA1L	TMEM109	1	1	1	1
OXA1L	TRIM13	1	1	1	1
OXA1L	ZW10	1	1	1	1
OXCT1	ANXA7	1	1	1	1
OXCT1	C2CD2L	1	1	1	1
OXCT1	CBR1	1	1	1	1
OXCT1	CIRBP	1	1	1	1
OXCT1	CTTN	1	1	1	1
OXCT1	DCK	1	1	1	1
OXCT1	DNAJA3	1	1	1	1
OXCT1	DSG2	1	1	1	1
OXCT1	DUSP14	1	1	1	1
OXCT1	FOXO4	1	1	1	1
OXCT1	GRWD1	1	1	1	1
OXCT1	ICMT	1	1	1	1
OXCT1	IGF1R	1	1	1	1
OXCT1	NIPSNAP1	1	1	1	1
OXCT1	NRIP1	1	1	1	1
OXCT1	NUP85	1	1	1	1
OXCT1	PCK2	1	1	1	1
OXCT1	PPIE	1	1	1	1
OXCT1	PPP2R5A	1	1	1	1
OXCT1	RBM15B	1	1	1	1
OXCT1	S100A4	1	1	1	1
OXCT1	SHB	1	1	1	1
OXCT1	SSBP2	1	1	1	1
OXCT1	STAMBP	1	1	1	1
OXCT1	STMN1	1	1	1	1
OXCT1	THAP11	1	1	1	1
OXSR1	ATP6V1D	1	1	1	1
OXSR1	B3GNT1	1	1	1	1
OXSR1	CD97	1	1	1	1
OXSR1	CHIC2	1	1	1	1
OXSR1	GDPD5	1	1	1	1
OXSR1	GTPBP8	1	1	1	1
OXSR1	HAT1	1	1	1	1
OXSR1	HDAC6	1	1	1	1
OXSR1	HSPA4	1	1	1	1
OXSR1	PIH1D1	1	1	1	1
OXSR1	POLR1C	1	1	1	1
OXSR1	SORBS3	1	1	1	1
OXSR1	TNIP1	1	1	1	1
P4HA2	AKT1	1	1	1	1
P4HA2	ARHGEF2	1	1	1	1
P4HA2	ARNT2	1	1	1	1
P4HA2	BAD	1	1	1	1
P4HA2	BCL7B	1	1	1	1
P4HA2	CBR1	1	1	1	1
P4HA2	CCDC85B	1	1	1	1
P4HA2	CHN1	1	1	1	1
P4HA2	FKBP4	1	1	1	1
P4HA2	HN1L	1	1	1	1
P4HA2	HOXA5	1	1	1	1
P4HA2	IKBKE	1	1	1	1
P4HA2	KIF14	1	1	1	1
P4HA2	POP4	1	1	1	1
P4HA2	PRKCD	1	1	1	1
P4HA2	PTPLAD1	1	1	1	1
P4HA2	RAE1	1	1	1	1
P4HA2	SENP6	1	1	1	1
P4HA2	TRIB3	1	1	1	1
P4HTM	BLMH	1	1	1	1
P4HTM	BZW2	1	1	1	1
P4HTM	GDPD5	1	1	1	1
P4HTM	HTATSF1	1	1	1	1
P4HTM	KDM5B	1	1	1	1
P4HTM	LYPLA1	1	1	1	1
P4HTM	MAPKAPK3	1	1	1	1
P4HTM	OXCT1	1	1	1	1
P4HTM	PDLIM1	1	1	1	1
P4HTM	RGS2	1	1	1	1
P4HTM	UBR7	1	1	1	1
P4HTM	XPNPEP1	1	1	1	1
PACSIN3	ABCF3	1	1	1	1
PACSIN3	CETN3	1	1	1	1
PACSIN3	CFLAR	1	1	1	1
PACSIN3	COG2	1	1	1	1
PACSIN3	DDIT4	1	1	1	1
PACSIN3	EGFR	1	1	1	1
PACSIN3	EVL	1	1	1	1
PACSIN3	GDPD5	1	1	1	1
PACSIN3	KDM3A	1	1	1	1
PACSIN3	LSM6	1	1	1	1
PACSIN3	RNMT	1	1	1	1
PACSIN3	STK10	1	1	1	1
PACSIN3	UBE2A	1	1	1	1
PACSIN3	UBE2C	1	1	1	1
PAF1	BLCAP	1	1	1	1
PAF1	CAT	1	1	1	1
PAF1	CGRRF1	1	1	1	1
PAF1	CHERP	1	1	1	1
PAF1	CHN1	1	1	1	1
PAF1	CORO1A	1	1	1	1
PAF1	CREG1	1	1	1	1
PAF1	ERBB2	1	1	1	1
PAF1	KAT6A	1	1	1	1
PAF1	MAPK1IP1L	1	1	1	1
PAF1	MRPS16	1	1	1	1
PAF1	PLEKHM1	1	1	1	1
PAF1	PRKACA	1	1	1	1
PAF1	SSBP2	1	1	1	1
PAF1	STAT1	1	1	1	1
PAF1	SYNGR3	1	1	1	1
PAF1	TRIM13	1	1	1	1
PAF1	TRIM2	1	1	1	1
PAFAH1B1	ABL1	1	1	1	1
PAFAH1B1	AKR7A2	1	1	1	1
PAFAH1B1	CIRBP	1	1	1	1
PAFAH1B1	DHDDS	1	1	1	1
PAFAH1B1	EAPP	1	1	1	1
PAFAH1B1	ERBB2	1	1	1	1
PAFAH1B1	FAM69A	1	1	1	1
PAFAH1B1	KIAA0355	1	1	1	1
PAFAH1B1	KIF2C	1	1	1	1
PAFAH1B1	PDIA5	1	1	1	1
PAFAH1B1	RAB4A	1	1	1	1
PAFAH1B1	SLC35F2	1	1	1	1
PAFAH1B1	STMN1	1	1	1	1
PAFAH1B1	TMED10	1	1	1	1
PAFAH1B3	ATP6V1D	1	1	1	1
PAFAH1B3	BLMH	1	1	1	1
PAFAH1B3	BNIP3	1	1	1	1
PAFAH1B3	CENPE	1	1	1	1
PAFAH1B3	EGFR	1	1	1	1
PAFAH1B3	FBXO7	1	1	1	1
PAFAH1B3	GABPB1	1	1	1	1
PAFAH1B3	GATA2	1	1	1	1
PAFAH1B3	ITGB1BP1	1	1	1	1
PAFAH1B3	KIAA1033	1	1	1	1
PAFAH1B3	MAP4K4	1	1	1	1
PAFAH1B3	NIPSNAP1	1	1	1	1
PAFAH1B3	NUP133	1	1	1	1
PAFAH1B3	P4HTM	1	1	1	1
PAFAH1B3	PECR	1	1	1	1
PAFAH1B3	POLG2	1	1	1	1
PAFAH1B3	RNPS1	1	1	1	1
PAFAH1B3	SMAD3	1	1	1	1
PAFAH1B3	TARBP1	1	1	1	1
PAFAH1B3	UBE2C	1	1	1	1
PAFAH1B3	ZNF586	1	1	1	1
PAK4	ADI1	1	1	1	1
PAK4	CANT1	1	1	1	1
PAK4	CAT	1	1	1	1
PAK4	CCNB2	1	1	1	1
PAK4	CHERP	1	1	1	1
PAK4	CLTB	1	1	1	1
PAK4	CPSF4	1	1	1	1
PAK4	DDB2	1	1	1	1
PAK4	DNAJC15	1	1	1	1
PAK4	FSD1	1	1	1	1
PAK4	HYOU1	1	1	1	1
PAK4	IARS2	1	1	1	1
PAK4	KDM3A	1	1	1	1
PAK4	LRPAP1	1	1	1	1
PAK4	MAPKAPK5	1	1	1	1
PAK4	NR2F6	1	1	1	1
PAK4	NUP93	1	1	1	1
PAK4	NUSAP1	1	1	1	1
PAK4	NVL	1	1	1	1
PAK4	PHKA1	1	1	1	1
PAK4	PPP2R3C	1	1	1	1
PAK4	PRCP	1	1	1	1
PAK4	PRUNE	1	1	1	1
PAK4	PSMD10	1	1	1	1
PAK4	TNIP1	1	1	1	1
PAK4	TRAPPC3	1	1	1	1
PAN2	ACAT2	1	1	1	1
PAN2	ANO10	1	1	1	1
PAN2	BNIP3	1	1	1	1
PAN2	CAST	1	1	1	1
PAN2	COPS7A	1	1	1	1
PAN2	CTNND1	1	1	1	1
PAN2	NMT1	1	1	1	1
PAN2	NUP85	1	1	1	1
PAN2	PAFAH1B3	1	1	1	1
PAN2	PARP2	1	1	1	1
PAN2	PDLIM1	1	1	1	1
PAN2	POP4	1	1	1	1
PAN2	PRKCD	1	1	1	1
PAN2	SH3BP5	1	1	1	1
PAN2	SLC37A4	1	1	1	1
PAN2	SPEN	1	1	1	1
PAN2	STMN1	1	1	1	1
PAN2	TNIP1	1	1	1	1
PAN2	TRIM13	1	1	1	1
PAN2	VAPB	1	1	1	1
PAPD7	AMDHD2	1	1	1	1
PAPD7	ANO10	1	1	1	1
PAPD7	BNIP3	1	1	1	1
PAPD7	CXCR4	1	1	1	1
PAPD7	DSG2	1	1	1	1
PAPD7	HYOU1	1	1	1	1
PAPD7	ISOC1	1	1	1	1
PAPD7	LSM6	1	1	1	1
PAPD7	MLEC	1	1	1	1
PAPD7	NISCH	1	1	1	1
PAPD7	NVL	1	1	1	1
PAPD7	PKIG	1	1	1	1
PAPD7	POLR2I	1	1	1	1
PAPD7	TM9SF3	1	1	1	1
PAPD7	TOP2A	1	1	1	1
PARP2	EPN2	1	1	1	1
PARP2	GRN	1	1	1	1
PARP2	HAT1	1	1	1	1
PARP2	HOXA5	1	1	1	1
PARP2	KIAA1279	1	1	1	1
PARP2	LAMA3	1	1	1	1
PARP2	MAPK1IP1L	1	1	1	1
PARP2	MTFR1	1	1	1	1
PARP2	MYO10	1	1	1	1
PARP2	NR1H2	1	1	1	1
PARP2	P4HTM	1	1	1	1
PARP2	PACSIN3	1	1	1	1
PARP2	RRAGA	1	1	1	1
PARP2	SCYL3	1	1	1	1
PARP2	TMCO1	1	1	1	1
PARP2	TP53BP1	1	1	1	1
PARP2	UBE3B	1	1	1	1
PARP2	ZNF589	1	1	1	1
PAX8	INPP1	1	1	1	1
PAX8	NUSAP1	1	1	1	1
PAX8	PXN	1	1	1	1
PAX8	SMARCD2	1	1	1	1
PAX8	SPDEF	1	1	1	1
PAX8	UBR7	1	1	1	1
PCBD1	ADCK3	1	1	1	1
PCBD1	CCDC85B	1	1	1	1
PCBD1	COG2	1	1	1	1
PCBD1	DDR1	1	1	1	1
PCBD1	ECD	1	1	1	1
PCBD1	FBXO7	1	1	1	1
PCBD1	FDFT1	1	1	1	1
PCBD1	HPRT1	1	1	1	1
PCBD1	HS2ST1	1	1	1	1
PCBD1	PLEKHM1	1	1	1	1
PCBD1	PSMG1	1	1	1	1
PCBD1	PTPRK	1	1	1	1
PCBD1	SKIV2L	1	1	1	1
PCBD1	TATDN2	1	1	1	1
PCCB	AGL	1	1	1	1
PCCB	ATP11B	1	1	1	1
PCCB	CAT	1	1	1	1
PCCB	CBR1	1	1	1	1
PCCB	DNAJA3	1	1	1	1
PCCB	DNAJB1	1	1	1	1
PCCB	FAIM	1	1	1	1
PCCB	HN1L	1	1	1	1
PCCB	ICAM3	1	1	1	1
PCCB	ITFG1	1	1	1	1
PCCB	LGALS8	1	1	1	1
PCCB	METRN	1	1	1	1
PCCB	ORC1	1	1	1	1
PCCB	PIP4K2B	1	1	1	1
PCCB	PNKP	1	1	1	1
PCCB	POLR1C	1	1	1	1
PCCB	SCYL3	1	1	1	1
PCCB	TBPL1	1	1	1	1
PCCB	THAP11	1	1	1	1
PCCB	UFM1	1	1	1	1
PCCB	VPS72	1	1	1	1
PCK2	ARL4C	1	1	1	1
PCK2	CHIC2	1	1	1	1
PCK2	CHN1	1	1	1	1
PCK2	MEST	1	1	1	1
PCK2	NFE2L2	1	1	1	1
PCK2	PAPD7	1	1	1	1
PCK2	POLG2	1	1	1	1
PCK2	S100A4	1	1	1	1
PCK2	SMARCD2	1	1	1	1
PCK2	TSPAN4	1	1	1	1
PCK2	TSTA3	1	1	1	1
PCM1	ABCF3	1	1	1	1
PCM1	DNAJB2	1	1	1	1
PCM1	DRAP1	1	1	1	1
PCM1	FBXO21	1	1	1	1
PCM1	FKBP4	1	1	1	1
PCM1	GATA2	1	1	1	1
PCM1	HMGCS1	1	1	1	1
PCM1	IKBKE	1	1	1	1
PCM1	ITFG1	1	1	1	1
PCM1	KIT	1	1	1	1
PCM1	LAMA3	1	1	1	1
PCM1	MRPS2	1	1	1	1
PCM1	NCAPD2	1	1	1	1
PCM1	PCM1	1	1	1	1
PCM1	PHKA1	1	1	1	1
PCM1	SYNE2	1	1	1	1
PCM1	TBX2	1	1	1	1
PCM1	TERF2IP	1	1	1	1
PCM1	THAP11	1	1	1	1
PCM1	UBQLN2	1	1	1	1
PCM1	UFM1	1	1	1	1
PCM1	USP14	1	1	1	1
PCM1	VPS28	1	1	1	1
PCM1	WIPF2	1	1	1	1
PCMT1	COG2	1	1	1	1
PCMT1	GABPB1	1	1	1	1
PCMT1	ID2	1	1	1	1
PCMT1	INTS3	1	1	1	1
PCMT1	STK25	1	1	1	1
PCMT1	TCFL5	1	1	1	1
PCMT1	TIMELESS	1	1	1	1
PCMT1	TIMM9	1	1	1	1
PCMT1	VAPB	1	1	1	1
PDHX	APBB2	1	1	1	1
PDHX	BAG3	1	1	1	1
PDHX	BUB1B	1	1	1	1
PDHX	CDK1	1	1	1	1
PDHX	CIAPIN1	1	1	1	1
PDHX	CNDP2	1	1	1	1
PDHX	CXCR4	1	1	1	1
PDHX	EVL	1	1	1	1
PDHX	GPR56	1	1	1	1
PDHX	HEBP1	1	1	1	1
PDHX	IDE	1	1	1	1
PDHX	IL4R	1	1	1	1
PDHX	KDM5A	1	1	1	1
PDHX	LRRC41	1	1	1	1
PDHX	MAP3K4	1	1	1	1
PDHX	MAPK9	1	1	1	1
PDHX	MRPS2	1	1	1	1
PDHX	MTF2	1	1	1	1
PDHX	PRPF4	1	1	1	1
PDHX	PTK2	1	1	1	1
PDHX	RAB11FIP2	1	1	1	1
PDHX	RAB31	1	1	1	1
PDHX	RRP8	1	1	1	1
PDHX	RTN2	1	1	1	1
PDHX	TBX2	1	1	1	1
PDHX	TSKU	1	1	1	1
PDHX	ZNF395	1	1	1	1
PDIA5	ARHGAP1	1	1	1	1
PDIA5	BNIP3	1	1	1	1
PDIA5	BUB1B	1	1	1	1
PDIA5	CDKN1A	1	1	1	1
PDIA5	DYNLT3	1	1	1	1
PDIA5	EVL	1	1	1	1
PDIA5	EXT1	1	1	1	1
PDIA5	HAT1	1	1	1	1
PDIA5	HEATR1	1	1	1	1
PDIA5	HES1	1	1	1	1
PDIA5	HMGCR	1	1	1	1
PDIA5	INPP4B	1	1	1	1
PDIA5	KEAP1	1	1	1	1
PDIA5	KIT	1	1	1	1
PDIA5	NOSIP	1	1	1	1
PDIA5	PIH1D1	1	1	1	1
PDIA5	POLB	1	1	1	1
PDIA5	SNX7	1	1	1	1
PDIA5	TIPARP	1	1	1	1
PDIA5	UBE3C	1	1	1	1
PDIA5	UBQLN2	1	1	1	1
PDLIM1	CCNF	1	1	1	1
PDLIM1	COG2	1	1	1	1
PDLIM1	DECR1	1	1	1	1
PDLIM1	INPP4B	1	1	1	1
PDLIM1	JUN	1	1	1	1
PDLIM1	OXA1L	1	1	1	1
PDLIM1	PEX11A	1	1	1	1
PDLIM1	PLS1	1	1	1	1
PDLIM1	RNH1	1	1	1	1
PDLIM1	TIMM9	1	1	1	1
PDLIM1	TMEM97	1	1	1	1
PDS5A	AGL	1	1	1	1
PDS5A	ARID5B	1	1	1	1
PDS5A	BHLHE40	1	1	1	1
PDS5A	BUB1B	1	1	1	1
PDS5A	C2CD2L	1	1	1	1
PDS5A	CDKN1A	1	1	1	1
PDS5A	DUSP11	1	1	1	1
PDS5A	FOXJ3	1	1	1	1
PDS5A	GATA2	1	1	1	1
PDS5A	GSTZ1	1	1	1	1
PDS5A	HSPA4	1	1	1	1
PDS5A	IL13RA1	1	1	1	1
PDS5A	KDELR2	1	1	1	1
PDS5A	KLHL9	1	1	1	1
PDS5A	LBR	1	1	1	1
PDS5A	MFSD10	1	1	1	1
PDS5A	MSH6	1	1	1	1
PDS5A	NIPSNAP1	1	1	1	1
PDS5A	PCCB	1	1	1	1
PDS5A	PDS5A	1	1	1	1
PDS5A	PHGDH	1	1	1	1
PDS5A	RELB	1	1	1	1
PDS5A	RRS1	1	1	1	1
PDS5A	SCYL3	1	1	1	1
PDS5A	ST3GAL5	1	1	1	1
PDS5A	STX4	1	1	1	1
PDS5A	TMEM2	1	1	1	1
PDS5A	TRIM2	1	1	1	1
PDS5A	UBE2L6	1	1	1	1
PDS5A	XPNPEP1	1	1	1	1
PECR	ACBD3	1	1	1	1
PECR	BACE2	1	1	1	1
PECR	CRYZ	1	1	1	1
PECR	DERA	1	1	1	1
PECR	FHL2	1	1	1	1
PECR	KAT6B	1	1	1	1
PECR	LIG1	1	1	1	1
PECR	LSM6	1	1	1	1
PECR	NOL3	1	1	1	1
PECR	PSRC1	1	1	1	1
PECR	PYCR1	1	1	1	1
PECR	RAE1	1	1	1	1
PECR	SLC25A13	1	1	1	1
PECR	SNX11	1	1	1	1
PECR	TSPAN4	1	1	1	1
PECR	VPS72	1	1	1	1
PEX11A	ALDOC	1	1	1	1
PEX11A	ATP6V1D	1	1	1	1
PEX11A	FBXL12	1	1	1	1
PEX11A	FOXJ3	1	1	1	1
PEX11A	FPGS	1	1	1	1
PEX11A	KAT6B	1	1	1	1
PEX11A	KDM5A	1	1	1	1
PEX11A	MLEC	1	1	1	1
PEX11A	NCAPD2	1	1	1	1
PEX11A	PIGB	1	1	1	1
PEX11A	PRKACA	1	1	1	1
PEX11A	TMED10	1	1	1	1
PEX11A	TOMM34	1	1	1	1
PGM1	CAB39	1	1	1	1
PGM1	DDR1	1	1	1	1
PGM1	DNAJB1	1	1	1	1
PGM1	EBP	1	1	1	1
PGM1	FASTKD5	1	1	1	1
PGM1	GMNN	1	1	1	1
PGM1	HOXA5	1	1	1	1
PGM1	IPO13	1	1	1	1
PGM1	KIAA0196	1	1	1	1
PGM1	LYN	1	1	1	1
PGM1	NR1H2	1	1	1	1
PGM1	NRIP1	1	1	1	1
PGM1	PAF1	1	1	1	1
PGM1	PUF60	1	1	1	1
PGM1	PYCR1	1	1	1	1
PGM1	SMNDC1	1	1	1	1
PGM1	SYNE2	1	1	1	1
PGM1	TM9SF2	1	1	1	1
PGM1	TMEM109	1	1	1	1
PGM1	XPNPEP1	1	1	1	1
PGM1	YKT6	1	1	1	1
PGM1	YTHDF1	1	1	1	1
PGRMC1	BUB1B	1	1	1	1
PGRMC1	CXCR4	1	1	1	1
PGRMC1	DCUN1D4	1	1	1	1
PGRMC1	EDEM1	1	1	1	1
PGRMC1	GAPDH	1	1	1	1
PGRMC1	HDAC6	1	1	1	1
PGRMC1	KCNK1	1	1	1	1
PGRMC1	KDM5A	1	1	1	1
PGRMC1	ME2	1	1	1	1
PGRMC1	MFSD10	1	1	1	1
PGRMC1	NUDT9	1	1	1	1
PGRMC1	RAB11FIP2	1	1	1	1
PGRMC1	RRP1B	1	1	1	1
PGRMC1	RRP8	1	1	1	1
PGRMC1	RTN2	1	1	1	1
PGRMC1	SH3BP5	1	1	1	1
PGRMC1	STK25	1	1	1	1
PGRMC1	STX1A	1	1	1	1
PGRMC1	TSEN2	1	1	1	1
PGRMC1	UFM1	1	1	1	1
PGRMC1	ZNF395	1	1	1	1
PHGDH	CAT	1	1	1	1
PHGDH	CRKL	1	1	1	1
PHGDH	INPP1	1	1	1	1
PHGDH	PAF1	1	1	1	1
PHGDH	RBKS	1	1	1	1
PHGDH	RPA2	1	1	1	1
PHGDH	RRS1	1	1	1	1
PHGDH	TMEM109	1	1	1	1
PHGDH	ZNF451	1	1	1	1
PHKA1	ACBD3	1	1	1	1
PHKA1	CDCA4	1	1	1	1
PHKA1	CDH3	1	1	1	1
PHKA1	CDK1	1	1	1	1
PHKA1	EZH2	1	1	1	1
PHKA1	GMNN	1	1	1	1
PHKA1	NUP62	1	1	1	1
PHKA1	PAFAH1B1	1	1	1	1
PHKA1	PCM1	1	1	1	1
PHKA1	RBM15B	1	1	1	1
PHKB	ADI1	1	1	1	1
PHKB	AKT1	1	1	1	1
PHKB	ANO10	1	1	1	1
PHKB	ARHGAP1	1	1	1	1
PHKB	CAST	1	1	1	1
PHKB	CFLAR	1	1	1	1
PHKB	CIAPIN1	1	1	1	1
PHKB	CLPX	1	1	1	1
PHKB	FAIM	1	1	1	1
PHKB	FAM69A	1	1	1	1
PHKB	FHL2	1	1	1	1
PHKB	GLRX	1	1	1	1
PHKB	IPO13	1	1	1	1
PHKB	KIAA1033	1	1	1	1
PHKB	MAMLD1	1	1	1	1
PHKB	POLE2	1	1	1	1
PHKB	SLC35A1	1	1	1	1
PHKB	SMC1A	1	1	1	1
PHKB	TCEA2	1	1	1	1
PHKB	TCTN1	1	1	1	1
PHKB	TLE1	1	1	1	1
PHKB	TMED10	1	1	1	1
PHKB	TMEM97	1	1	1	1
PHKB	TRAP1	1	1	1	1
PHKB	TUBB6	1	1	1	1
PHKB	VPS28	1	1	1	1
PHKB	WFS1	1	1	1	1
PHKB	ZNF586	1	1	1	1
PHKG2	ARNT2	1	1	1	1
PHKG2	CCNF	1	1	1	1
PHKG2	CHIC2	1	1	1	1
PHKG2	CIRBP	1	1	1	1
PHKG2	DDB2	1	1	1	1
PHKG2	DDIT4	1	1	1	1
PHKG2	HDAC6	1	1	1	1
PHKG2	KIAA0907	1	1	1	1
PHKG2	LBR	1	1	1	1
PHKG2	NMT1	1	1	1	1
PHKG2	NR1H2	1	1	1	1
PHKG2	PXN	1	1	1	1
PHKG2	RPP38	1	1	1	1
PHKG2	TRAPPC3	1	1	1	1
PHKG2	TRIM13	1	1	1	1
PIGB	CNDP2	1	1	1	1
PIGB	CYTH1	1	1	1	1
PIGB	DCK	1	1	1	1
PIGB	DNAJA3	1	1	1	1
PIGB	FEZ2	1	1	1	1
PIGB	KIT	1	1	1	1
PIGB	NVL	1	1	1	1
PIGB	RRP12	1	1	1	1
PIGB	RSU1	1	1	1	1
PIGB	STX4	1	1	1	1
PIGB	VPS28	1	1	1	1
PIH1D1	ABCF3	1	1	1	1
PIH1D1	ACAT2	1	1	1	1
PIH1D1	ACBD3	1	1	1	1
PIH1D1	AMDHD2	1	1	1	1
PIH1D1	ARL4C	1	1	1	1
PIH1D1	BIRC5	1	1	1	1
PIH1D1	COPB2	1	1	1	1
PIH1D1	CRYZ	1	1	1	1
PIH1D1	DDR1	1	1	1	1
PIH1D1	FAH	1	1	1	1
PIH1D1	GNA11	1	1	1	1
PIH1D1	GRWD1	1	1	1	1
PIH1D1	IL13RA1	1	1	1	1
PIH1D1	ILK	1	1	1	1
PIH1D1	KCNK1	1	1	1	1
PIH1D1	KCTD5	1	1	1	1
PIH1D1	LGMN	1	1	1	1
PIH1D1	METRN	1	1	1	1
PIH1D1	MPZL1	1	1	1	1
PIH1D1	MTA1	1	1	1	1
PIH1D1	MTF2	1	1	1	1
PIH1D1	NIT1	1	1	1	1
PIH1D1	NOSIP	1	1	1	1
PIH1D1	NVL	1	1	1	1
PIH1D1	PCCB	1	1	1	1
PIH1D1	PIGB	1	1	1	1
PIH1D1	POLR1C	1	1	1	1
PIH1D1	PTPLAD1	1	1	1	1
PIH1D1	REEP5	1	1	1	1
PIH1D1	RPA2	1	1	1	1
PIH1D1	SESN1	1	1	1	1
PIH1D1	SLC25A13	1	1	1	1
PIH1D1	SPAG7	1	1	1	1
PIH1D1	SPTLC2	1	1	1	1
PIH1D1	TRAP1	1	1	1	1
PIH1D1	ZNF586	1	1	1	1
PIK3C2B	ADAT1	1	1	1	1
PIK3C2B	ASCC3	1	1	1	1
PIK3C2B	BCL2	1	1	1	1
PIK3C2B	CCP110	1	1	1	1
PIK3C2B	CETN3	1	1	1	1
PIK3C2B	CSK	1	1	1	1
PIK3C2B	DDX10	1	1	1	1
PIK3C2B	DUSP22	1	1	1	1
PIK3C2B	HOOK2	1	1	1	1
PIK3C2B	HYOU1	1	1	1	1
PIK3C2B	MAST2	1	1	1	1
PIK3C2B	MVP	1	1	1	1
PIK3C2B	NARFL	1	1	1	1
PIK3C2B	POLE2	1	1	1	1
PIK3C2B	PRUNE	1	1	1	1
PIK3C2B	PSIP1	1	1	1	1
PIK3C2B	RBM6	1	1	1	1
PIK3C2B	SMARCA4	1	1	1	1
PIK3C2B	SPEN	1	1	1	1
PIN1	AMDHD2	1	1	1	1
PIN1	ANXA7	1	1	1	1
PIN1	BCL2	1	1	1	1
PIN1	CAT	1	1	1	1
PIN1	CLPX	1	1	1	1
PIN1	CREG1	1	1	1	1
PIN1	CRTAP	1	1	1	1
PIN1	GATA2	1	1	1	1
PIN1	GLOD4	1	1	1	1
PIN1	GNB5	1	1	1	1
PIN1	ME2	1	1	1	1
PIN1	MTA1	1	1	1	1
PIN1	PAN2	1	1	1	1
PIN1	RNPS1	1	1	1	1
PIN1	UBE2C	1	1	1	1
PIP4K2B	CAT	1	1	1	1
PIP4K2B	CSNK2A2	1	1	1	1
PIP4K2B	DCUN1D4	1	1	1	1
PIP4K2B	KIAA1033	1	1	1	1
PIP4K2B	MACF1	1	1	1	1
PIP4K2B	MAP3K4	1	1	1	1
PIP4K2B	NUP93	1	1	1	1
PIP4K2B	PDLIM1	1	1	1	1
PIP4K2B	PRKCD	1	1	1	1
PIP4K2B	TOMM34	1	1	1	1
PIP4K2B	TSPAN3	1	1	1	1
PIP4K2B	WASF3	1	1	1	1
PKIG	AARS	1	1	1	1
PKIG	ABHD4	1	1	1	1
PKIG	CLTB	1	1	1	1
PKIG	CRKL	1	1	1	1
PKIG	HTATSF1	1	1	1	1
PKIG	MAP2K5	1	1	1	1
PKIG	MAPKAPK5	1	1	1	1
PKIG	MYBL2	1	1	1	1
PKIG	NOSIP	1	1	1	1
PKIG	PLA2G15	1	1	1	1
PKIG	PLP2	1	1	1	1
PKIG	RAB27A	1	1	1	1
PKIG	RRP12	1	1	1	1
PKIG	SH3BP5	1	1	1	1
PKIG	SLC1A4	1	1	1	1
PKIG	SNX11	1	1	1	1
PKIG	WASF3	1	1	1	1
PLA2G15	ACOT9	1	1	1	1
PLA2G15	APPBP2	1	1	1	1
PLA2G15	CBR1	1	1	1	1
PLA2G15	CFLAR	1	1	1	1
PLA2G15	DNAJB6	1	1	1	1
PLA2G15	DRAP1	1	1	1	1
PLA2G15	DUSP14	1	1	1	1
PLA2G15	EAPP	1	1	1	1
PLA2G15	FAM20B	1	1	1	1
PLA2G15	GAPDH	1	1	1	1
PLA2G15	GATA2	1	1	1	1
PLA2G15	GMNN	1	1	1	1
PLA2G15	KIF2C	1	1	1	1
PLA2G15	MSRA	1	1	1	1
PLA2G15	POP4	1	1	1	1
PLA2G15	PRKCD	1	1	1	1
PLA2G15	RPN1	1	1	1	1
PLA2G15	RRP1B	1	1	1	1
PLA2G15	RUVBL1	1	1	1	1
PLA2G15	SOX4	1	1	1	1
PLA2G15	TRIB3	1	1	1	1
PLEKHM1	CTNNAL1	1	1	1	1
PLEKHM1	CTNND1	1	1	1	1
PLEKHM1	DSG2	1	1	1	1
PLEKHM1	FSD1	1	1	1	1
PLEKHM1	HTATSF1	1	1	1	1
PLEKHM1	HTRA1	1	1	1	1
PLEKHM1	IQGAP1	1	1	1	1
PLEKHM1	KDM5A	1	1	1	1
PLEKHM1	NUP93	1	1	1	1
PLEKHM1	PRPF4	1	1	1	1
PLEKHM1	RAB27A	1	1	1	1
PLEKHM1	RNH1	1	1	1	1
PLEKHM1	SMARCD2	1	1	1	1
PLEKHM1	SQRDL	1	1	1	1
PLEKHM1	SYNE2	1	1	1	1
PLEKHM1	TERF2IP	1	1	1	1
PLEKHM1	TRAM2	1	1	1	1
PLEKHM1	TRIB1	1	1	1	1
PLEKHM1	TSPAN4	1	1	1	1
PLEKHM1	WFS1	1	1	1	1
PLEKHM1	ZMIZ1	1	1	1	1
PLOD3	ACBD3	1	1	1	1
PLOD3	BAD	1	1	1	1
PLOD3	BCL7B	1	1	1	1
PLOD3	CCNF	1	1	1	1
PLOD3	CDCA4	1	1	1	1
PLOD3	DNM1	1	1	1	1
PLOD3	IL4R	1	1	1	1
PLOD3	MYO10	1	1	1	1
PLOD3	NUP88	1	1	1	1
PLOD3	PCM1	1	1	1	1
PLOD3	RAB31	1	1	1	1
PLOD3	SLC5A6	1	1	1	1
PLOD3	TP53BP2	1	1	1	1
PLOD3	TRAP1	1	1	1	1
PLOD3	TXNL4B	1	1	1	1
PLOD3	ZNF395	1	1	1	1
PLP2	ARHGEF2	1	1	1	1
PLP2	ATP1B1	1	1	1	1
PLP2	C2CD2L	1	1	1	1
PLP2	CANT1	1	1	1	1
PLP2	CDK1	1	1	1	1
PLP2	CTSD	1	1	1	1
PLP2	DUSP11	1	1	1	1
PLP2	GDPD5	1	1	1	1
PLP2	KIAA1033	1	1	1	1
PLP2	LAMA3	1	1	1	1
PLP2	MAP3K4	1	1	1	1
PLP2	MTHFD2	1	1	1	1
PLP2	NOLC1	1	1	1	1
PLP2	PAFAH1B1	1	1	1	1
PLP2	PAPD7	1	1	1	1
PLP2	PDHX	1	1	1	1
PLP2	PDS5A	1	1	1	1
PLP2	PTPLAD1	1	1	1	1
PLP2	PUF60	1	1	1	1
PLP2	SCCPDH	1	1	1	1
PLP2	SH3BP5	1	1	1	1
PLP2	SNX11	1	1	1	1
PLP2	TNFRSF21	1	1	1	1
PLP2	TP53BP2	1	1	1	1
PLP2	TRAPPC3	1	1	1	1
PLP2	TSTA3	1	1	1	1
PLP2	WFS1	1	1	1	1
PLS1	AKAP8	1	1	1	1
PLS1	AKT1	1	1	1	1
PLS1	ARL4C	1	1	1	1
PLS1	CAT	1	1	1	1
PLS1	EZH2	1	1	1	1
PLS1	GAPDH	1	1	1	1
PLS1	HOOK2	1	1	1	1
PLS1	KIAA0753	1	1	1	1
PLS1	KLHL9	1	1	1	1
PLS1	NFE2L2	1	1	1	1
PLS1	NR3C1	1	1	1	1
PLS1	RAB11FIP2	1	1	1	1
PLS1	RPN1	1	1	1	1
PLS1	STAP2	1	1	1	1
PLS1	TOPBP1	1	1	1	1
PLS1	UBE2C	1	1	1	1
PLS1	XPNPEP1	1	1	1	1
PLS1	ZNF131	1	1	1	1
PLSCR1	ABCF3	1	1	1	1
PLSCR1	ARHGEF2	1	1	1	1
PLSCR1	ARPP19	1	1	1	1
PLSCR1	CANT1	1	1	1	1
PLSCR1	CASK	1	1	1	1
PLSCR1	CBR1	1	1	1	1
PLSCR1	CEBPD	1	1	1	1
PLSCR1	COG2	1	1	1	1
PLSCR1	DDIT4	1	1	1	1
PLSCR1	DDX42	1	1	1	1
PLSCR1	DERA	1	1	1	1
PLSCR1	DLD	1	1	1	1
PLSCR1	DNAJB2	1	1	1	1
PLSCR1	DNTTIP2	1	1	1	1
PLSCR1	DYNLT3	1	1	1	1
PLSCR1	HDAC2	1	1	1	1
PLSCR1	HERC6	1	1	1	1
PLSCR1	INTS3	1	1	1	1
PLSCR1	KDM3A	1	1	1	1
PLSCR1	KEAP1	1	1	1	1
PLSCR1	NRAS	1	1	1	1
PLSCR1	NUCB2	1	1	1	1
PLSCR1	PAF1	1	1	1	1
PLSCR1	PAPD7	1	1	1	1
PLSCR1	PCBD1	1	1	1	1
PLSCR1	PRCP	1	1	1	1
PLSCR1	SFN	1	1	1	1
PLSCR1	SLC35A1	1	1	1	1
PLSCR1	SQRDL	1	1	1	1
PLSCR1	STXBP1	1	1	1	1
PLSCR1	TIMM9	1	1	1	1
PLSCR1	TSC22D3	1	1	1	1
PLSCR1	USP1	1	1	1	1
PLSCR1	ZFP36	1	1	1	1
PMAIP1	ABHD4	1	1	1	1
PMAIP1	ADH5	1	1	1	1
PMAIP1	ATP11B	1	1	1	1
PMAIP1	ATP6V1D	1	1	1	1
PMAIP1	BLMH	1	1	1	1
PMAIP1	BNIP3	1	1	1	1
PMAIP1	CCNB2	1	1	1	1
PMAIP1	CCNF	1	1	1	1
PMAIP1	CHERP	1	1	1	1
PMAIP1	DNAJB6	1	1	1	1
PMAIP1	EGFR	1	1	1	1
PMAIP1	EZH2	1	1	1	1
PMAIP1	FKBP4	1	1	1	1
PMAIP1	GABPB1	1	1	1	1
PMAIP1	GATA2	1	1	1	1
PMAIP1	IL4R	1	1	1	1
PMAIP1	KTN1	1	1	1	1
PMAIP1	LBR	1	1	1	1
PMAIP1	MFSD10	1	1	1	1
PMAIP1	MLLT11	1	1	1	1
PMAIP1	MRPS16	1	1	1	1
PMAIP1	MRPS2	1	1	1	1
PMAIP1	MSRA	1	1	1	1
PMAIP1	MTA1	1	1	1	1
PMAIP1	PECR	1	1	1	1
PMAIP1	PIK3C2B	1	1	1	1
PMAIP1	POLG2	1	1	1	1
PMAIP1	PRCP	1	1	1	1
PMAIP1	SMAD3	1	1	1	1
PMAIP1	STK10	1	1	1	1
PMAIP1	TOMM34	1	1	1	1
PMAIP1	TSPAN4	1	1	1	1
PMM2	ACAA1	1	1	1	1
PMM2	CCNB2	1	1	1	1
PMM2	CNOT4	1	1	1	1
PMM2	CORO1A	1	1	1	1
PMM2	DPH2	1	1	1	1
PMM2	DRAP1	1	1	1	1
PMM2	EXT1	1	1	1	1
PMM2	GATA3	1	1	1	1
PMM2	GNA11	1	1	1	1
PMM2	HES1	1	1	1	1
PMM2	HSPA4	1	1	1	1
PMM2	JMJD6	1	1	1	1
PMM2	KDM5B	1	1	1	1
PMM2	LBR	1	1	1	1
PMM2	PRKCD	1	1	1	1
PMM2	PTPLAD1	1	1	1	1
PMM2	RUVBL1	1	1	1	1
PMM2	SMARCC1	1	1	1	1
PMM2	SMC3	1	1	1	1
PMM2	SOX4	1	1	1	1
PMM2	SPTLC2	1	1	1	1
PMM2	SUPV3L1	1	1	1	1
PMM2	TIAM1	1	1	1	1
PMM2	TMEM2	1	1	1	1
PMM2	TXNRD1	1	1	1	1
PMM2	UBE2C	1	1	1	1
PMM2	UBE2L6	1	1	1	1
PMM2	UBE3C	1	1	1	1
PMM2	USP14	1	1	1	1
PMM2	ZNF451	1	1	1	1
PNKP	ATP6V1D	1	1	1	1
PNKP	BAMBI	1	1	1	1
PNKP	BHLHE40	1	1	1	1
PNKP	CD320	1	1	1	1
PNKP	CDK2	1	1	1	1
PNKP	DERA	1	1	1	1
PNKP	FKBP14	1	1	1	1
PNKP	HSPA4	1	1	1	1
PNKP	PTPN1	1	1	1	1
PNKP	WRB	1	1	1	1
PNP	BAD	1	1	1	1
PNP	BLCAP	1	1	1	1
PNP	BPHL	1	1	1	1
PNP	BZW2	1	1	1	1
PNP	CD44	1	1	1	1
PNP	CETN3	1	1	1	1
PNP	CRKL	1	1	1	1
PNP	CRYZ	1	1	1	1
PNP	CSK	1	1	1	1
PNP	CXCR4	1	1	1	1
PNP	DDX42	1	1	1	1
PNP	DHX29	1	1	1	1
PNP	ELAC2	1	1	1	1
PNP	HDAC6	1	1	1	1
PNP	HEATR1	1	1	1	1
PNP	HN1L	1	1	1	1
PNP	IFRD2	1	1	1	1
PNP	KIF2C	1	1	1	1
PNP	POLE2	1	1	1	1
PNP	POLR1C	1	1	1	1
PNP	PPIE	1	1	1	1
PNP	PRR15L	1	1	1	1
PNP	RAD51C	1	1	1	1
PNP	RNF167	1	1	1	1
PNP	TMEM97	1	1	1	1
PNP	TSPAN6	1	1	1	1
POLB	ABCC5	1	1	1	1
POLB	AMDHD2	1	1	1	1
POLB	ASCC3	1	1	1	1
POLB	CDC45	1	1	1	1
POLB	DERA	1	1	1	1
POLB	ETFB	1	1	1	1
POLB	IL13RA1	1	1	1	1
POLB	KIAA1033	1	1	1	1
POLB	NUDCD3	1	1	1	1
POLB	PGM1	1	1	1	1
POLB	PRR15L	1	1	1	1
POLB	PXN	1	1	1	1
POLB	SMC3	1	1	1	1
POLB	UBE2J1	1	1	1	1
POLB	UFM1	1	1	1	1
POLB	ZDHHC6	1	1	1	1
POLB	ZW10	1	1	1	1
POLD4	ACAT2	1	1	1	1
POLD4	ADCK3	1	1	1	1
POLD4	CAMSAP2	1	1	1	1
POLD4	DERA	1	1	1	1
POLD4	EAPP	1	1	1	1
POLD4	ENOSF1	1	1	1	1
POLD4	ERBB2	1	1	1	1
POLD4	MLEC	1	1	1	1
POLD4	PAK4	1	1	1	1
POLD4	PCBD1	1	1	1	1
POLD4	PPP2R5A	1	1	1	1
POLD4	RAP1GAP	1	1	1	1
POLD4	SUPV3L1	1	1	1	1
POLD4	TBXA2R	1	1	1	1
POLD4	THAP11	1	1	1	1
POLD4	TIMP2	1	1	1	1
POLD4	VGLL4	1	1	1	1
POLE2	ABHD4	1	1	1	1
POLE2	CCNF	1	1	1	1
POLE2	CD44	1	1	1	1
POLE2	CETN3	1	1	1	1
POLE2	CHAC1	1	1	1	1
POLE2	CLIC4	1	1	1	1
POLE2	DYNLT3	1	1	1	1
POLE2	EAPP	1	1	1	1
POLE2	ENOSF1	1	1	1	1
POLE2	FOS	1	1	1	1
POLE2	GMNN	1	1	1	1
POLE2	HAT1	1	1	1	1
POLE2	LAMA3	1	1	1	1
POLE2	LBR	1	1	1	1
POLE2	MAP3K4	1	1	1	1
POLE2	OXSR1	1	1	1	1
POLE2	PDS5A	1	1	1	1
POLE2	PLSCR1	1	1	1	1
POLE2	PNKP	1	1	1	1
POLE2	PUF60	1	1	1	1
POLE2	RAI14	1	1	1	1
POLE2	SLC37A4	1	1	1	1
POLE2	TMEM109	1	1	1	1
POLE2	TMEM2	1	1	1	1
POLE2	TOPBP1	1	1	1	1
POLE2	TSPAN3	1	1	1	1
POLE2	TSTA3	1	1	1	1
POLG2	ABCF3	1	1	1	1
POLG2	AKAP8L	1	1	1	1
POLG2	ARHGAP1	1	1	1	1
POLG2	ATP5S	1	1	1	1
POLG2	CALU	1	1	1	1
POLG2	CCNF	1	1	1	1
POLG2	CHEK2	1	1	1	1
POLG2	CTNNAL1	1	1	1	1
POLG2	DUSP11	1	1	1	1
POLG2	GDPD5	1	1	1	1
POLG2	GNPDA1	1	1	1	1
POLG2	HEATR1	1	1	1	1
POLG2	INTS3	1	1	1	1
POLG2	LAP3	1	1	1	1
POLG2	LBR	1	1	1	1
POLG2	MACF1	1	1	1	1
POLG2	MAPK9	1	1	1	1
POLG2	OXA1L	1	1	1	1
POLG2	P4HA2	1	1	1	1
POLG2	PTPLAD1	1	1	1	1
POLG2	RAB31	1	1	1	1
POLG2	RFC2	1	1	1	1
POLG2	STUB1	1	1	1	1
POLG2	VAPB	1	1	1	1
POLG2	ZNF274	1	1	1	1
POLR1C	AKR7A2	1	1	1	1
POLR1C	ARHGEF2	1	1	1	1
POLR1C	ARL4C	1	1	1	1
POLR1C	CALU	1	1	1	1
POLR1C	CCP110	1	1	1	1
POLR1C	CDK2	1	1	1	1
POLR1C	CDKN1A	1	1	1	1
POLR1C	CLTB	1	1	1	1
POLR1C	COG4	1	1	1	1
POLR1C	CXCR4	1	1	1	1
POLR1C	DHX29	1	1	1	1
POLR1C	EAPP	1	1	1	1
POLR1C	ENOPH1	1	1	1	1
POLR1C	EPRS	1	1	1	1
POLR1C	FDFT1	1	1	1	1
POLR1C	GATA2	1	1	1	1
POLR1C	GPR56	1	1	1	1
POLR1C	MAPK9	1	1	1	1
POLR1C	METRN	1	1	1	1
POLR1C	PAF1	1	1	1	1
POLR1C	PCCB	1	1	1	1
POLR1C	PLS1	1	1	1	1
POLR1C	SDHB	1	1	1	1
POLR1C	SH3BP5	1	1	1	1
POLR1C	UBR7	1	1	1	1
POLR1C	VPS72	1	1	1	1
POLR1C	ZMIZ1	1	1	1	1
POLR2I	CGRRF1	1	1	1	1
POLR2I	CIRBP	1	1	1	1
POLR2I	DNTTIP2	1	1	1	1
POLR2I	GNA11	1	1	1	1
POLR2I	IL13RA1	1	1	1	1
POLR2I	POLE2	1	1	1	1
POLR2I	TMED10	1	1	1	1
POLR2I	TXLNA	1	1	1	1
POLR2I	XPO7	1	1	1	1
POLR2K	ATMIN	1	1	1	1
POLR2K	BCL7B	1	1	1	1
POLR2K	DHRS7	1	1	1	1
POLR2K	GDPD5	1	1	1	1
POLR2K	IGF2R	1	1	1	1
POLR2K	KTN1	1	1	1	1
POLR2K	MAPK9	1	1	1	1
POLR2K	MLLT11	1	1	1	1
POLR2K	MRPS2	1	1	1	1
POLR2K	MSH6	1	1	1	1
POLR2K	NOLC1	1	1	1	1
POLR2K	PDIA5	1	1	1	1
POLR2K	PLP2	1	1	1	1
POLR2K	RFX5	1	1	1	1
POLR2K	RNMT	1	1	1	1
POLR2K	SENP6	1	1	1	1
POLR2K	SNX13	1	1	1	1
POLR2K	TARBP1	1	1	1	1
POLR2K	TCTA	1	1	1	1
POLR2K	TOMM34	1	1	1	1
POLR2K	TRAM2	1	1	1	1
POLR2K	TRIM2	1	1	1	1
POP4	ACAT2	1	1	1	1
POP4	ARHGEF2	1	1	1	1
POP4	CENPE	1	1	1	1
POP4	ECH1	1	1	1	1
POP4	FAH	1	1	1	1
POP4	KIAA0355	1	1	1	1
POP4	MALT1	1	1	1	1
POP4	MAN2B1	1	1	1	1
POP4	ME2	1	1	1	1
POP4	MEST	1	1	1	1
POP4	SENP6	1	1	1	1
POP4	ZNF318	1	1	1	1
PPARG	CRTAP	1	1	1	1
PPARG	DNAJB1	1	1	1	1
PPARG	GRB10	1	1	1	1
PPARG	KIAA0753	1	1	1	1
PPARG	MAN2B1	1	1	1	1
PPARG	NCAPD2	1	1	1	1
PPARG	PHKA1	1	1	1	1
PPARG	RTN2	1	1	1	1
PPARG	SCARB1	1	1	1	1
PPARG	SMC1A	1	1	1	1
PPARG	STMN1	1	1	1	1
PPARG	STUB1	1	1	1	1
PPARG	TRIM2	1	1	1	1
PPARG	ZDHHC6	1	1	1	1
PPIC	ATP6V1D	1	1	1	1
PPIC	CD58	1	1	1	1
PPIC	CHEK2	1	1	1	1
PPIC	CRKL	1	1	1	1
PPIC	DECR1	1	1	1	1
PPIC	GATA3	1	1	1	1
PPIC	GDPD5	1	1	1	1
PPIC	IKBKB	1	1	1	1
PPIC	P4HA2	1	1	1	1
PPIC	RAB4A	1	1	1	1
PPIC	STX1A	1	1	1	1
PPIC	VAT1	1	1	1	1
PPIC	WFS1	1	1	1	1
PPIE	AMDHD2	1	1	1	1
PPIE	ARHGAP1	1	1	1	1
PPIE	ARNT2	1	1	1	1
PPIE	ATMIN	1	1	1	1
PPIE	CAB39	1	1	1	1
PPIE	DHX29	1	1	1	1
PPIE	HYOU1	1	1	1	1
PPIE	MAPK9	1	1	1	1
PPIE	MICALL1	1	1	1	1
PPIE	NARFL	1	1	1	1
PPIE	PLA2G15	1	1	1	1
PPIE	POLR2I	1	1	1	1
PPIE	RELB	1	1	1	1
PPIE	RRP1B	1	1	1	1
PPIE	TLE1	1	1	1	1
PPIE	UTP14A	1	1	1	1
PPOX	ADAM10	1	1	1	1
PPOX	AKAP8	1	1	1	1
PPOX	CCNB2	1	1	1	1
PPOX	CYB561	1	1	1	1
PPOX	DNAJC15	1	1	1	1
PPOX	GOLT1B	1	1	1	1
PPOX	HAT1	1	1	1	1
PPOX	IKBKAP	1	1	1	1
PPOX	ITFG1	1	1	1	1
PPOX	KAT6B	1	1	1	1
PPOX	MAPK1IP1L	1	1	1	1
PPOX	NCAPD2	1	1	1	1
PPOX	PRSS23	1	1	1	1
PPOX	RPL39L	1	1	1	1
PPOX	RPP38	1	1	1	1
PPOX	TBPL1	1	1	1	1
PPOX	TIAM1	1	1	1	1
PPP2R3C	ABCF1	1	1	1	1
PPP2R3C	BAG3	1	1	1	1
PPP2R3C	CCNF	1	1	1	1
PPP2R3C	CSNK2A2	1	1	1	1
PPP2R3C	ECD	1	1	1	1
PPP2R3C	ETFB	1	1	1	1
PPP2R3C	FUT1	1	1	1	1
PPP2R3C	HN1L	1	1	1	1
PPP2R3C	IKBKE	1	1	1	1
PPP2R3C	KIT	1	1	1	1
PPP2R3C	LAMA3	1	1	1	1
PPP2R3C	LSM6	1	1	1	1
PPP2R3C	PAK4	1	1	1	1
PPP2R3C	RBM6	1	1	1	1
PPP2R3C	RFX5	1	1	1	1
PPP2R3C	TNFRSF21	1	1	1	1
PPP2R3C	TRIB1	1	1	1	1
PPP2R3C	TWF2	1	1	1	1
PPP2R3C	ZNF318	1	1	1	1
PPP2R5A	AURKA	1	1	1	1
PPP2R5A	BDH1	1	1	1	1
PPP2R5A	BIRC5	1	1	1	1
PPP2R5A	CALU	1	1	1	1
PPP2R5A	CCNB2	1	1	1	1
PPP2R5A	CHAC1	1	1	1	1
PPP2R5A	CHERP	1	1	1	1
PPP2R5A	CNDP2	1	1	1	1
PPP2R5A	CREG1	1	1	1	1
PPP2R5A	CTSD	1	1	1	1
PPP2R5A	DLD	1	1	1	1
PPP2R5A	DNAJB2	1	1	1	1
PPP2R5A	FAH	1	1	1	1
PPP2R5A	GNA11	1	1	1	1
PPP2R5A	HS2ST1	1	1	1	1
PPP2R5A	ICMT	1	1	1	1
PPP2R5A	KAT6B	1	1	1	1
PPP2R5A	LIG1	1	1	1	1
PPP2R5A	NR3C1	1	1	1	1
PPP2R5A	NUDT9	1	1	1	1
PPP2R5A	OXCT1	1	1	1	1
PPP2R5A	P4HTM	1	1	1	1
PPP2R5A	PARP2	1	1	1	1
PPP2R5A	PDS5A	1	1	1	1
PPP2R5A	PRKCD	1	1	1	1
PPP2R5A	PTPLAD1	1	1	1	1
PPP2R5A	RPA3	1	1	1	1
PPP2R5A	RRP8	1	1	1	1
PPP2R5A	RTN2	1	1	1	1
PPP2R5A	SKIV2L	1	1	1	1
PPP2R5A	STX1A	1	1	1	1
PPP2R5A	TIMM22	1	1	1	1
PPP2R5A	TMED10	1	1	1	1
PPP2R5A	TMEM2	1	1	1	1
PPP2R5A	TMEM97	1	1	1	1
PPP2R5A	VAPB	1	1	1	1
PRAF2	ACBD3	1	1	1	1
PRAF2	INSIG1	1	1	1	1
PRAF2	NUCB2	1	1	1	1
PRAF2	PAF1	1	1	1	1
PRAF2	SCYL3	1	1	1	1
PRAF2	SMC3	1	1	1	1
PRAF2	SPR	1	1	1	1
PRAF2	TM9SF2	1	1	1	1
PRAF2	TRAP1	1	1	1	1
PRCP	ABL1	1	1	1	1
PRCP	ADAM10	1	1	1	1
PRCP	CFLAR	1	1	1	1
PRCP	DDB2	1	1	1	1
PRCP	DDR1	1	1	1	1
PRCP	ELAC2	1	1	1	1
PRCP	FAM63A	1	1	1	1
PRCP	FAM69A	1	1	1	1
PRCP	KIF2C	1	1	1	1
PRCP	MAP7	1	1	1	1
PRCP	MPZL1	1	1	1	1
PRCP	NIPSNAP1	1	1	1	1
PRCP	NUCB2	1	1	1	1
PRCP	NUSAP1	1	1	1	1
PRCP	POLR1C	1	1	1	1
PRCP	TNFRSF21	1	1	1	1
PRKACA	AKT1	1	1	1	1
PRKACA	ATMIN	1	1	1	1
PRKACA	CASK	1	1	1	1
PRKACA	CCNB2	1	1	1	1
PRKACA	CNOT4	1	1	1	1
PRKACA	CRELD2	1	1	1	1
PRKACA	CTNNAL1	1	1	1	1
PRKACA	EML3	1	1	1	1
PRKACA	FAM69A	1	1	1	1
PRKACA	HEBP1	1	1	1	1
PRKACA	IFRD2	1	1	1	1
PRKACA	KTN1	1	1	1	1
PRKACA	MYBL2	1	1	1	1
PRKACA	NIT1	1	1	1	1
PRKACA	NMT1	1	1	1	1
PRKACA	NUP62	1	1	1	1
PRKACA	PLSCR1	1	1	1	1
PRKACA	PRSS23	1	1	1	1
PRKACA	PTPLAD1	1	1	1	1
PRKACA	PTPN1	1	1	1	1
PRKACA	RAB4A	1	1	1	1
PRKACA	SLC25A46	1	1	1	1
PRKACA	STAT1	1	1	1	1
PRKACA	STK10	1	1	1	1
PRKACA	TOMM70A	1	1	1	1
PRKACA	UBE2C	1	1	1	1
PRKACA	USP6NL	1	1	1	1
PRKCD	AURKB	1	1	1	1
PRKCD	BCL7B	1	1	1	1
PRKCD	CD44	1	1	1	1
PRKCD	COG2	1	1	1	1
PRKCD	DDB2	1	1	1	1
PRKCD	DNAJB6	1	1	1	1
PRKCD	DRAP1	1	1	1	1
PRKCD	EGFR	1	1	1	1
PRKCD	FAM57A	1	1	1	1
PRKCD	FHL2	1	1	1	1
PRKCD	GABPB1	1	1	1	1
PRKCD	GNAI2	1	1	1	1
PRKCD	GTF2A2	1	1	1	1
PRKCD	MAPK1IP1L	1	1	1	1
PRKCD	MYO10	1	1	1	1
PRKCD	PAX8	1	1	1	1
PRKCD	POLD4	1	1	1	1
PRKCD	POLR2I	1	1	1	1
PRKCD	PRKCD	1	1	1	1
PRKCD	PRUNE	1	1	1	1
PRKCD	RBKS	1	1	1	1
PRKCD	RFC2	1	1	1	1
PRKCD	RRP1B	1	1	1	1
PRKCD	RRP8	1	1	1	1
PRKCD	SH3BP5	1	1	1	1
PRKCD	SYPL1	1	1	1	1
PRKCD	TBXA2R	1	1	1	1
PRKCD	TMEM2	1	1	1	1
PRKCD	TRAK2	1	1	1	1
PRKCD	TRIB1	1	1	1	1
PRKCD	TRIM2	1	1	1	1
PRKCD	YME1L1	1	1	1	1
PRPF4	APPBP2	1	1	1	1
PRPF4	CD58	1	1	1	1
PRPF4	EDEM1	1	1	1	1
PRPF4	GLRX	1	1	1	1
PRPF4	HDAC2	1	1	1	1
PRPF4	HOMER2	1	1	1	1
PRPF4	KCTD5	1	1	1	1
PRPF4	LRRC41	1	1	1	1
PRPF4	METRN	1	1	1	1
PRPF4	OXCT1	1	1	1	1
PRPF4	RFX5	1	1	1	1
PRPF4	TOP2A	1	1	1	1
PRPF4	TRIB3	1	1	1	1
PRR15L	ATG3	1	1	1	1
PRR15L	BAD	1	1	1	1
PRR15L	CCNF	1	1	1	1
PRR15L	CISD1	1	1	1	1
PRR15L	HIST2H2BE	1	1	1	1
PRR15L	KAT6A	1	1	1	1
PRR15L	LGALS8	1	1	1	1
PRR15L	PACSIN3	1	1	1	1
PRR15L	PHGDH	1	1	1	1
PRR15L	PSMG1	1	1	1	1
PRR15L	RUVBL1	1	1	1	1
PRR15L	TIMM9	1	1	1	1
PRR15L	TIPARP	1	1	1	1
PRR15L	TNFRSF21	1	1	1	1
PRR15L	ZDHHC6	1	1	1	1
PRR7	ARL4C	1	1	1	1
PRR7	AURKB	1	1	1	1
PRR7	DNAJB2	1	1	1	1
PRR7	EIF5	1	1	1	1
PRR7	ERBB3	1	1	1	1
PRR7	FDFT1	1	1	1	1
PRR7	GPC1	1	1	1	1
PRR7	ID2	1	1	1	1
PRR7	KAT6A	1	1	1	1
PRR7	MLLT11	1	1	1	1
PRR7	MTHFD2	1	1	1	1
PRR7	NOLC1	1	1	1	1
PRR7	NUP88	1	1	1	1
PRR7	PCMT1	1	1	1	1
PRR7	PIK3C2B	1	1	1	1
PRR7	POLE2	1	1	1	1
PRR7	POLR2I	1	1	1	1
PRR7	PSRC1	1	1	1	1
PRR7	RPA1	1	1	1	1
PRR7	ST7	1	1	1	1
PRR7	TCEAL4	1	1	1	1
PRSS23	CISD1	1	1	1	1
PRSS23	CLSTN1	1	1	1	1
PRSS23	CLTB	1	1	1	1
PRSS23	DCK	1	1	1	1
PRSS23	DSG2	1	1	1	1
PRSS23	GAPDH	1	1	1	1
PRSS23	GDPD5	1	1	1	1
PRSS23	LSR	1	1	1	1
PRSS23	PCCB	1	1	1	1
PRSS23	PHKA1	1	1	1	1
PRSS23	PRKACA	1	1	1	1
PRSS23	RAD51C	1	1	1	1
PRSS23	RNH1	1	1	1	1
PRSS23	SHB	1	1	1	1
PRSS23	TIMM22	1	1	1	1
PRSS23	TIMM9	1	1	1	1
PRSS23	UBE2C	1	1	1	1
PRUNE	AARS	1	1	1	1
PRUNE	ABCF3	1	1	1	1
PRUNE	ABL1	1	1	1	1
PRUNE	C2CD2L	1	1	1	1
PRUNE	CAST	1	1	1	1
PRUNE	CCNF	1	1	1	1
PRUNE	CORO1A	1	1	1	1
PRUNE	CRKL	1	1	1	1
PRUNE	DHDDS	1	1	1	1
PRUNE	ETFB	1	1	1	1
PRUNE	EXT1	1	1	1	1
PRUNE	LGALS8	1	1	1	1
PRUNE	MRPS2	1	1	1	1
PRUNE	PAK4	1	1	1	1
PRUNE	TIMELESS	1	1	1	1
PRUNE	TNIP1	1	1	1	1
PSIP1	ARFIP2	1	1	1	1
PSIP1	CD58	1	1	1	1
PSIP1	CPSF4	1	1	1	1
PSIP1	DUSP22	1	1	1	1
PSIP1	LRRC16A	1	1	1	1
PSIP1	MELK	1	1	1	1
PSIP1	PAFAH1B1	1	1	1	1
PSIP1	PPIE	1	1	1	1
PSIP1	SLC2A6	1	1	1	1
PSIP1	TEX10	1	1	1	1
PSIP1	TMEM109	1	1	1	1
PSMD10	BCL7B	1	1	1	1
PSMD10	DCTD	1	1	1	1
PSMD10	DCUN1D4	1	1	1	1
PSMD10	ERBB2	1	1	1	1
PSMD10	HES1	1	1	1	1
PSMD10	HOXA10	1	1	1	1
PSMD10	HS2ST1	1	1	1	1
PSMD10	IARS2	1	1	1	1
PSMD10	ITGB1BP1	1	1	1	1
PSMD10	NR3C1	1	1	1	1
PSMD10	PUF60	1	1	1	1
PSMD10	RNPS1	1	1	1	1
PSMD10	SCP2	1	1	1	1
PSMD10	SLC25A13	1	1	1	1
PSMD10	TIMM17B	1	1	1	1
PSMD10	UBE2J1	1	1	1	1
PSMD10	UBR7	1	1	1	1
PSMG1	APPBP2	1	1	1	1
PSMG1	ARL4C	1	1	1	1
PSMG1	BCL7B	1	1	1	1
PSMG1	BDH1	1	1	1	1
PSMG1	CCDC92	1	1	1	1
PSMG1	CLSTN1	1	1	1	1
PSMG1	COPS7A	1	1	1	1
PSMG1	DHX29	1	1	1	1
PSMG1	DSG2	1	1	1	1
PSMG1	HK1	1	1	1	1
PSMG1	HYOU1	1	1	1	1
PSMG1	LGALS8	1	1	1	1
PSMG1	PAF1	1	1	1	1
PSMG1	PHKB	1	1	1	1
PSMG1	PRR15L	1	1	1	1
PSMG1	PTPN1	1	1	1	1
PSMG1	RNPS1	1	1	1	1
PSMG1	RPS6KA1	1	1	1	1
PSMG1	TXLNA	1	1	1	1
PSMG1	WRB	1	1	1	1
PSRC1	ABHD6	1	1	1	1
PSRC1	APBB2	1	1	1	1
PSRC1	APPBP2	1	1	1	1
PSRC1	CAT	1	1	1	1
PSRC1	CISD1	1	1	1	1
PSRC1	CNOT4	1	1	1	1
PSRC1	CPSF4	1	1	1	1
PSRC1	GAPDH	1	1	1	1
PSRC1	HAT1	1	1	1	1
PSRC1	HDAC6	1	1	1	1
PSRC1	IDE	1	1	1	1
PSRC1	INTS3	1	1	1	1
PSRC1	KDM5B	1	1	1	1
PSRC1	NCOA3	1	1	1	1
PSRC1	NUSAP1	1	1	1	1
PSRC1	PAFAH1B1	1	1	1	1
PSRC1	RPA1	1	1	1	1
PSRC1	RRAGA	1	1	1	1
PSRC1	SESN1	1	1	1	1
PSRC1	SHB	1	1	1	1
PSRC1	SOCS2	1	1	1	1
PSRC1	STAP2	1	1	1	1
PSRC1	SUPV3L1	1	1	1	1
PTK2	ACAT2	1	1	1	1
PTK2	CISD1	1	1	1	1
PTK2	CPSF4	1	1	1	1
PTK2	CXCR4	1	1	1	1
PTK2	DHRS7	1	1	1	1
PTK2	FAM57A	1	1	1	1
PTK2	FBXL12	1	1	1	1
PTK2	FSD1	1	1	1	1
PTK2	IKBKB	1	1	1	1
PTK2	KAT6A	1	1	1	1
PTK2	RAB11FIP2	1	1	1	1
PTK2	SH3BP5	1	1	1	1
PTK2	TOPBP1	1	1	1	1
PTK2	ZNF274	1	1	1	1
PTPLAD1	CRKL	1	1	1	1
PTPLAD1	DDB2	1	1	1	1
PTPLAD1	DNM1	1	1	1	1
PTPLAD1	DSG2	1	1	1	1
PTPLAD1	EBNA1BP2	1	1	1	1
PTPLAD1	GABPB1	1	1	1	1
PTPLAD1	GPC1	1	1	1	1
PTPLAD1	HADH	1	1	1	1
PTPLAD1	HAT1	1	1	1	1
PTPLAD1	HEBP1	1	1	1	1
PTPLAD1	KLHL9	1	1	1	1
PTPLAD1	MBNL1	1	1	1	1
PTPLAD1	MLLT11	1	1	1	1
PTPLAD1	NIT1	1	1	1	1
PTPLAD1	NRIP1	1	1	1	1
PTPLAD1	NUDT9	1	1	1	1
PTPLAD1	PDS5A	1	1	1	1
PTPLAD1	PIH1D1	1	1	1	1
PTPLAD1	PRSS23	1	1	1	1
PTPLAD1	SLC37A4	1	1	1	1
PTPLAD1	SQRDL	1	1	1	1
PTPLAD1	ST3GAL5	1	1	1	1
PTPLAD1	TOMM34	1	1	1	1
PTPLAD1	XPNPEP1	1	1	1	1
PTPN1	AGL	1	1	1	1
PTPN1	CBR3	1	1	1	1
PTPN1	CCNB2	1	1	1	1
PTPN1	CHIC2	1	1	1	1
PTPN1	FAM63A	1	1	1	1
PTPN1	HES1	1	1	1	1
PTPN1	HPRT1	1	1	1	1
PTPN1	HSD17B11	1	1	1	1
PTPN1	IKBKAP	1	1	1	1
PTPN1	LIPA	1	1	1	1
PTPN1	LSR	1	1	1	1
PTPN1	MAP7	1	1	1	1
PTPN1	MFSD10	1	1	1	1
PTPN1	MLEC	1	1	1	1
PTPN1	NIT1	1	1	1	1
PTPN1	NRIP1	1	1	1	1
PTPN1	NUDT9	1	1	1	1
PTPN1	PIN1	1	1	1	1
PTPN1	RBM15B	1	1	1	1
PTPN1	SMC1A	1	1	1	1
PTPN1	STX1A	1	1	1	1
PTPN1	TARBP1	1	1	1	1
PTPN1	TXNRD1	1	1	1	1
PTPN1	UBE3C	1	1	1	1
PTPN12	ARHGAP1	1	1	1	1
PTPN12	FBXL12	1	1	1	1
PTPN12	FBXO21	1	1	1	1
PTPN12	RELB	1	1	1	1
PTPN12	TIMP2	1	1	1	1
PTPN12	TOPBP1	1	1	1	1
PTPN12	TRIB3	1	1	1	1
PTPRF	DNTTIP2	1	1	1	1
PTPRF	LRRC41	1	1	1	1
PTPRF	MAPK9	1	1	1	1
PTPRF	NUDCD3	1	1	1	1
PTPRF	NUP85	1	1	1	1
PTPRF	PLEKHM1	1	1	1	1
PTPRF	PNKP	1	1	1	1
PTPRF	SCYL3	1	1	1	1
PTPRK	CAPN1	1	1	1	1
PTPRK	CBR1	1	1	1	1
PTPRK	CHAC1	1	1	1	1
PTPRK	CIRBP	1	1	1	1
PTPRK	CSRP1	1	1	1	1
PTPRK	DERA	1	1	1	1
PTPRK	DNAJB2	1	1	1	1
PTPRK	ECH1	1	1	1	1
PTPRK	ELOVL6	1	1	1	1
PTPRK	GTPBP8	1	1	1	1
PTPRK	HADH	1	1	1	1
PTPRK	HK1	1	1	1	1
PTPRK	IGF1R	1	1	1	1
PTPRK	IKBKE	1	1	1	1
PTPRK	INTS3	1	1	1	1
PTPRK	KDM5A	1	1	1	1
PTPRK	KEAP1	1	1	1	1
PTPRK	KLHDC2	1	1	1	1
PTPRK	LAMA3	1	1	1	1
PTPRK	MAPK13	1	1	1	1
PTPRK	MEST	1	1	1	1
PTPRK	NR1H2	1	1	1	1
PTPRK	OXA1L	1	1	1	1
PTPRK	PLSCR1	1	1	1	1
PTPRK	PTPRK	1	1	1	1
PTPRK	RRP12	1	1	1	1
PTPRK	SCYL3	1	1	1	1
PTPRK	SFN	1	1	1	1
PTPRK	SMARCC1	1	1	1	1
PTPRK	STX4	1	1	1	1
PTPRK	TCTA	1	1	1	1
PTPRK	TLE1	1	1	1	1
PTPRK	TP53BP1	1	1	1	1
PTPRK	TSTA3	1	1	1	1
PTPRK	TWF2	1	1	1	1
PTPRK	TXNRD1	1	1	1	1
PTPRK	YKT6	1	1	1	1
PTPRK	ZMYM2	1	1	1	1
PUF60	BLMH	1	1	1	1
PUF60	CCNF	1	1	1	1
PUF60	FAM57A	1	1	1	1
PUF60	GNAI2	1	1	1	1
PUF60	INTS3	1	1	1	1
PUF60	JUN	1	1	1	1
PUF60	KLHL9	1	1	1	1
PUF60	LBR	1	1	1	1
PUF60	LRP10	1	1	1	1
PUF60	NIPSNAP1	1	1	1	1
PUF60	NMT1	1	1	1	1
PUF60	SCYL3	1	1	1	1
PUF60	SH3BP5	1	1	1	1
PUF60	STK10	1	1	1	1
PUF60	TRIM13	1	1	1	1
PUF60	XPNPEP1	1	1	1	1
PWP1	AKAP8L	1	1	1	1
PWP1	BZW2	1	1	1	1
PWP1	CERK	1	1	1	1
PWP1	ELAVL1	1	1	1	1
PWP1	EXT1	1	1	1	1
PWP1	GRB10	1	1	1	1
PWP1	LOXL1	1	1	1	1
PWP1	LRPAP1	1	1	1	1
PWP1	PMM2	1	1	1	1
PWP1	PTPRK	1	1	1	1
PWP1	SLC25A46	1	1	1	1
PWP1	TARBP1	1	1	1	1
PWP1	VAPB	1	1	1	1
PWP1	XPNPEP1	1	1	1	1
PXN	ATP11B	1	1	1	1
PXN	CRTAP	1	1	1	1
PXN	CXCR4	1	1	1	1
PXN	FOXO4	1	1	1	1
PXN	GNAS	1	1	1	1
PXN	HMG20B	1	1	1	1
PXN	LYN	1	1	1	1
PXN	MSRA	1	1	1	1
PXN	NCAPD2	1	1	1	1
PXN	PDS5A	1	1	1	1
PXN	POP4	1	1	1	1
PXN	RFC5	1	1	1	1
PXN	SMARCA4	1	1	1	1
PXN	TERF2IP	1	1	1	1
PXN	TIMELESS	1	1	1	1
PXN	TXNDC9	1	1	1	1
PYCR1	ARPP19	1	1	1	1
PYCR1	CDK1	1	1	1	1
PYCR1	CERK	1	1	1	1
PYCR1	CORO1A	1	1	1	1
PYCR1	CTTN	1	1	1	1
PYCR1	EML3	1	1	1	1
PYCR1	PIN1	1	1	1	1
PYCR1	PRCP	1	1	1	1
PYCR1	SLC25A14	1	1	1	1
PYCR1	SMARCA4	1	1	1	1
PYCR1	STK10	1	1	1	1
PYCR1	STX4	1	1	1	1
PYCR1	TCEAL4	1	1	1	1
PYCR1	ZMIZ1	1	1	1	1
PYGL	AKAP8	1	1	1	1
PYGL	ATG3	1	1	1	1
PYGL	ATP2C1	1	1	1	1
PYGL	CAT	1	1	1	1
PYGL	CDKN1A	1	1	1	1
PYGL	CIRBP	1	1	1	1
PYGL	COG7	1	1	1	1
PYGL	CREG1	1	1	1	1
PYGL	DUSP14	1	1	1	1
PYGL	GFPT1	1	1	1	1
PYGL	ITGAE	1	1	1	1
PYGL	KDELR2	1	1	1	1
PYGL	NOL3	1	1	1	1
PYGL	NSDHL	1	1	1	1
PYGL	PHKB	1	1	1	1
PYGL	PIK3C2B	1	1	1	1
PYGL	PSMD10	1	1	1	1
PYGL	SPAG4	1	1	1	1
PYGL	SSBP2	1	1	1	1
PYGL	STAP2	1	1	1	1
PYGL	TM9SF3	1	1	1	1
PYGL	TMEM2	1	1	1	1
PYGL	TRAM2	1	1	1	1
PYGL	TRIM2	1	1	1	1
PYGL	UBE2A	1	1	1	1
PYGL	YKT6	1	1	1	1
PYGL	ZNF131	1	1	1	1
RAB11FIP2	AMDHD2	1	1	1	1
RAB11FIP2	BNIP3	1	1	1	1
RAB11FIP2	CDCA4	1	1	1	1
RAB11FIP2	DYRK3	1	1	1	1
RAB11FIP2	ELAC2	1	1	1	1
RAB11FIP2	GLRX	1	1	1	1
RAB11FIP2	HMGCS1	1	1	1	1
RAB11FIP2	KIF5C	1	1	1	1
RAB11FIP2	MTHFD2	1	1	1	1
RAB11FIP2	NVL	1	1	1	1
RAB11FIP2	P4HA2	1	1	1	1
RAB11FIP2	PDLIM1	1	1	1	1
RAB11FIP2	TP53BP2	1	1	1	1
RAB21	CD320	1	1	1	1
RAB21	CERK	1	1	1	1
RAB21	CHERP	1	1	1	1
RAB21	CSNK2A2	1	1	1	1
RAB21	HADH	1	1	1	1
RAB21	HEATR1	1	1	1	1
RAB21	IL13RA1	1	1	1	1
RAB21	ISOC1	1	1	1	1
RAB21	ITGB5	1	1	1	1
RAB21	JUN	1	1	1	1
RAB21	KIAA0100	1	1	1	1
RAB21	MICALL1	1	1	1	1
RAB21	PDIA5	1	1	1	1
RAB21	PLS1	1	1	1	1
RAB21	SLC35A3	1	1	1	1
RAB21	SPDEF	1	1	1	1
RAB21	SYNGR3	1	1	1	1
RAB21	UBE2A	1	1	1	1
RAB27A	ARHGEF2	1	1	1	1
RAB27A	CRKL	1	1	1	1
RAB27A	DHDDS	1	1	1	1
RAB27A	DUSP11	1	1	1	1
RAB27A	EBNA1BP2	1	1	1	1
RAB27A	ECD	1	1	1	1
RAB27A	GABPB1	1	1	1	1
RAB27A	GLOD4	1	1	1	1
RAB27A	GRN	1	1	1	1
RAB27A	HEBP1	1	1	1	1
RAB27A	LIG1	1	1	1	1
RAB27A	NIT1	1	1	1	1
RAB27A	NNT	1	1	1	1
RAB27A	NRAS	1	1	1	1
RAB27A	NUCB2	1	1	1	1
RAB27A	SHB	1	1	1	1
RAB27A	SPDEF	1	1	1	1
RAB27A	ST7	1	1	1	1
RAB27A	STAT1	1	1	1	1
RAB27A	STK25	1	1	1	1
RAB27A	TP53BP1	1	1	1	1
RAB27A	TSKU	1	1	1	1
RAB31	DLD	1	1	1	1
RAB31	FOXO4	1	1	1	1
RAB31	GNB5	1	1	1	1
RAB31	MLLT11	1	1	1	1
RAB31	MSRA	1	1	1	1
RAB31	ST7	1	1	1	1
RAB31	STAMBP	1	1	1	1
RAB31	STX1A	1	1	1	1
RAB31	ZFP36	1	1	1	1
RAB4A	BIRC5	1	1	1	1
RAB4A	CAB39	1	1	1	1
RAB4A	EZH2	1	1	1	1
RAB4A	FAM20B	1	1	1	1
RAB4A	KIT	1	1	1	1
RAB4A	SPAG4	1	1	1	1
RAB4A	STX4	1	1	1	1
RAB4A	TOMM34	1	1	1	1
RAB4A	VPS72	1	1	1	1
RAB4A	ZDHHC6	1	1	1	1
RAD51C	ABCF1	1	1	1	1
RAD51C	CAT	1	1	1	1
RAD51C	CXCR4	1	1	1	1
RAD51C	DCUN1D4	1	1	1	1
RAD51C	DECR1	1	1	1	1
RAD51C	DNTTIP2	1	1	1	1
RAD51C	EPRS	1	1	1	1
RAD51C	GABPB1	1	1	1	1
RAD51C	KDM3A	1	1	1	1
RAD51C	LPAR2	1	1	1	1
RAD51C	TRIM2	1	1	1	1
RAD51C	ZFP36	1	1	1	1
RAD9A	ADAM10	1	1	1	1
RAD9A	AKAP8	1	1	1	1
RAD9A	ETFB	1	1	1	1
RAD9A	HERPUD1	1	1	1	1
RAD9A	KCTD5	1	1	1	1
RAD9A	MCM3	1	1	1	1
RAD9A	PGRMC1	1	1	1	1
RAD9A	SOX4	1	1	1	1
RAD9A	SPAG4	1	1	1	1
RAD9A	TSPAN6	1	1	1	1
RAD9A	UBE3B	1	1	1	1
RAD9A	WRB	1	1	1	1
RAE1	ADI1	1	1	1	1
RAE1	B3GNT1	1	1	1	1
RAE1	CENPE	1	1	1	1
RAE1	CEP57	1	1	1	1
RAE1	CFLAR	1	1	1	1
RAE1	CRKL	1	1	1	1
RAE1	EBNA1BP2	1	1	1	1
RAE1	EVL	1	1	1	1
RAE1	FDFT1	1	1	1	1
RAE1	GDPD5	1	1	1	1
RAE1	HDAC2	1	1	1	1
RAE1	HYOU1	1	1	1	1
RAE1	KIF20A	1	1	1	1
RAE1	NOSIP	1	1	1	1
RAE1	PHKG2	1	1	1	1
RAE1	PRKACA	1	1	1	1
RAE1	PSMD10	1	1	1	1
RAE1	RAE1	1	1	1	1
RAE1	SOX4	1	1	1	1
RAE1	SPDEF	1	1	1	1
RAE1	STAMBP	1	1	1	1
RAE1	SYNGR3	1	1	1	1
RAE1	TSPAN3	1	1	1	1
RAE1	TXLNA	1	1	1	1
RAE1	XPNPEP1	1	1	1	1
RAE1	ZNF318	1	1	1	1
RAI14	BUB1B	1	1	1	1
RAI14	DENND2D	1	1	1	1
RAI14	DHX29	1	1	1	1
RAI14	GAPDH	1	1	1	1
RAI14	IARS2	1	1	1	1
RAI14	KIAA0100	1	1	1	1
RAI14	KIF14	1	1	1	1
RAI14	MAMLD1	1	1	1	1
RAI14	NR1H2	1	1	1	1
RAI14	NSDHL	1	1	1	1
RAI14	OXCT1	1	1	1	1
RAI14	PLSCR1	1	1	1	1
RAI14	STK25	1	1	1	1
RAI14	TM9SF2	1	1	1	1
RAI14	XPO7	1	1	1	1
RAP1GAP	CENPE	1	1	1	1
RAP1GAP	CHERP	1	1	1	1
RAP1GAP	EVL	1	1	1	1
RAP1GAP	KIAA0196	1	1	1	1
RAP1GAP	LYN	1	1	1	1
RAP1GAP	MAMLD1	1	1	1	1
RAP1GAP	MAPKAPK3	1	1	1	1
RAP1GAP	NENF	1	1	1	1
RAP1GAP	NRIP1	1	1	1	1
RAP1GAP	POLB	1	1	1	1
RAP1GAP	POLE2	1	1	1	1
RAP1GAP	PRKCD	1	1	1	1
RAP1GAP	SLC25A46	1	1	1	1
RAP1GAP	STK25	1	1	1	1
RAP1GAP	SYNGR3	1	1	1	1
RAP1GAP	VPS28	1	1	1	1
RBKS	CBR1	1	1	1	1
RBKS	CDK1	1	1	1	1
RBKS	CLSTN1	1	1	1	1
RBKS	DRAP1	1	1	1	1
RBKS	IDE	1	1	1	1
RBKS	KIAA0753	1	1	1	1
RBKS	NUDCD3	1	1	1	1
RBKS	PTPLAD1	1	1	1	1
RBKS	RPL39L	1	1	1	1
RBKS	TLE1	1	1	1	1
RBKS	TSPAN3	1	1	1	1
RBKS	USP7	1	1	1	1
RBM15B	ADI1	1	1	1	1
RBM15B	DUSP22	1	1	1	1
RBM15B	DYNLT3	1	1	1	1
RBM15B	NOLC1	1	1	1	1
RBM15B	OXSR1	1	1	1	1
RBM15B	PDS5A	1	1	1	1
RBM15B	PIP4K2B	1	1	1	1
RBM15B	PTK2	1	1	1	1
RBM15B	SKIV2L	1	1	1	1
RBM15B	SLC35F2	1	1	1	1
RBM15B	ZNF131	1	1	1	1
RBM6	CDH3	1	1	1	1
RBM6	CIAPIN1	1	1	1	1
RBM6	CTSD	1	1	1	1
RBM6	FBXO7	1	1	1	1
RBM6	FDFT1	1	1	1	1
RBM6	HES1	1	1	1	1
RBM6	KDM5B	1	1	1	1
RBM6	MRPL19	1	1	1	1
RBM6	PDLIM1	1	1	1	1
RBM6	POLB	1	1	1	1
RBM6	SMARCC1	1	1	1	1
RBM6	SQRDL	1	1	1	1
RBM6	TCFL5	1	1	1	1
REEP5	ARID5B	1	1	1	1
REEP5	ATP1B1	1	1	1	1
REEP5	CD58	1	1	1	1
REEP5	DNAJC15	1	1	1	1
REEP5	DPH2	1	1	1	1
REEP5	HADH	1	1	1	1
REEP5	KCNK1	1	1	1	1
REEP5	PCCB	1	1	1	1
REEP5	RFX5	1	1	1	1
REEP5	RPA3	1	1	1	1
RELB	CCNF	1	1	1	1
RELB	DERA	1	1	1	1
RELB	GAPDH	1	1	1	1
RELB	GSTZ1	1	1	1	1
RELB	KIF20A	1	1	1	1
RELB	KLHDC2	1	1	1	1
RELB	SLC25A46	1	1	1	1
RELB	SPAG4	1	1	1	1
RELB	UBE2J1	1	1	1	1
RELB	WIPF2	1	1	1	1
RFC2	ADAT1	1	1	1	1
RFC2	ARHGEF2	1	1	1	1
RFC2	CDH3	1	1	1	1
RFC2	CPNE3	1	1	1	1
RFC2	CXCR4	1	1	1	1
RFC2	EDEM1	1	1	1	1
RFC2	FUT1	1	1	1	1
RFC2	GPATCH8	1	1	1	1
RFC2	IKBKB	1	1	1	1
RFC2	KIAA1279	1	1	1	1
RFC2	PAFAH1B3	1	1	1	1
RFC2	PAX8	1	1	1	1
RFC2	SLC35F2	1	1	1	1
RFC2	TRAPPC3	1	1	1	1
RFC2	TRIB1	1	1	1	1
RFC5	B3GNT1	1	1	1	1
RFC5	CENPE	1	1	1	1
RFC5	CLTB	1	1	1	1
RFC5	FAM69A	1	1	1	1
RFC5	FSD1	1	1	1	1
RFC5	IARS2	1	1	1	1
RFC5	LIPA	1	1	1	1
RFC5	MOK	1	1	1	1
RFC5	PPP2R3C	1	1	1	1
RFC5	RELB	1	1	1	1
RFC5	RFX5	1	1	1	1
RFC5	SPR	1	1	1	1
RFC5	TCEA2	1	1	1	1
RFC5	TRIB1	1	1	1	1
RFC5	YME1L1	1	1	1	1
RFNG	DNM1	1	1	1	1
RFNG	GALE	1	1	1	1
RFNG	GTF2A2	1	1	1	1
RFNG	HSD17B11	1	1	1	1
RFNG	IKBKAP	1	1	1	1
RFNG	PTPLAD1	1	1	1	1
RFNG	UBR7	1	1	1	1
RFX5	ADI1	1	1	1	1
RFX5	BCL7B	1	1	1	1
RFX5	DNM1	1	1	1	1
RFX5	HAT1	1	1	1	1
RFX5	HOXA5	1	1	1	1
RFX5	MAP2K5	1	1	1	1
RFX5	MAP4K4	1	1	1	1
RFX5	MAPK1IP1L	1	1	1	1
RFX5	NMT1	1	1	1	1
RFX5	PGRMC1	1	1	1	1
RFX5	TLE1	1	1	1	1
RFX5	TPD52L2	1	1	1	1
RFX5	UBQLN2	1	1	1	1
RGS2	ATP5S	1	1	1	1
RGS2	BACE2	1	1	1	1
RGS2	CBR1	1	1	1	1
RGS2	CHIC2	1	1	1	1
RGS2	CPNE3	1	1	1	1
RGS2	FAM57A	1	1	1	1
RGS2	FBXO21	1	1	1	1
RGS2	NRIP1	1	1	1	1
RGS2	RBKS	1	1	1	1
RGS2	SCCPDH	1	1	1	1
RGS2	TCTA	1	1	1	1
RGS2	TSPAN6	1	1	1	1
RGS2	UBE2L6	1	1	1	1
RGS2	USP1	1	1	1	1
RGS2	YME1L1	1	1	1	1
RNF167	ABHD4	1	1	1	1
RNF167	ACOT9	1	1	1	1
RNF167	CCNF	1	1	1	1
RNF167	CTSD	1	1	1	1
RNF167	CYTH1	1	1	1	1
RNF167	GPC1	1	1	1	1
RNF167	GTPBP8	1	1	1	1
RNF167	NOSIP	1	1	1	1
RNF167	PAF1	1	1	1	1
RNF167	PDLIM1	1	1	1	1
RNF167	PECR	1	1	1	1
RNF167	PHKB	1	1	1	1
RNF167	PLS1	1	1	1	1
RNF167	SPTLC2	1	1	1	1
RNF167	ZMIZ1	1	1	1	1
RNH1	ACAT2	1	1	1	1
RNH1	ATP6V0B	1	1	1	1
RNH1	CAPN1	1	1	1	1
RNH1	CCDC86	1	1	1	1
RNH1	CDCA4	1	1	1	1
RNH1	CNOT4	1	1	1	1
RNH1	CREB1	1	1	1	1
RNH1	CSNK2A2	1	1	1	1
RNH1	CXCR4	1	1	1	1
RNH1	DDX42	1	1	1	1
RNH1	DNAJB1	1	1	1	1
RNH1	DNM1	1	1	1	1
RNH1	DPH2	1	1	1	1
RNH1	ECH1	1	1	1	1
RNH1	EML3	1	1	1	1
RNH1	ETFB	1	1	1	1
RNH1	FAS	1	1	1	1
RNH1	FBXL12	1	1	1	1
RNH1	FOXJ3	1	1	1	1
RNH1	GNA11	1	1	1	1
RNH1	GNAS	1	1	1	1
RNH1	HK1	1	1	1	1
RNH1	LGALS8	1	1	1	1
RNH1	LOXL1	1	1	1	1
RNH1	MAP2K5	1	1	1	1
RNH1	MAPK9	1	1	1	1
RNH1	MTF2	1	1	1	1
RNH1	NCAPD2	1	1	1	1
RNH1	NFE2L2	1	1	1	1
RNH1	PDIA5	1	1	1	1
RNH1	PLOD3	1	1	1	1
RNH1	PNKP	1	1	1	1
RNH1	PRSS23	1	1	1	1
RNH1	RAB11FIP2	1	1	1	1
RNH1	RAB31	1	1	1	1
RNH1	RAD51C	1	1	1	1
RNH1	RAI14	1	1	1	1
RNH1	RPA2	1	1	1	1
RNH1	SPEN	1	1	1	1
RNH1	STAT1	1	1	1	1
RNH1	TCFL5	1	1	1	1
RNH1	TCTN1	1	1	1	1
RNH1	TM9SF3	1	1	1	1
RNH1	TRIM13	1	1	1	1
RNH1	TRIM2	1	1	1	1
RNH1	TWF2	1	1	1	1
RNH1	UBE2A	1	1	1	1
RNH1	USP14	1	1	1	1
RNH1	VAT1	1	1	1	1
RNH1	WDTC1	1	1	1	1
RNMT	ACLY	1	1	1	1
RNMT	AKR7A2	1	1	1	1
RNMT	DNAJB2	1	1	1	1
RNMT	FBXL12	1	1	1	1
RNMT	MBNL1	1	1	1	1
RNMT	UBE2C	1	1	1	1
RNMT	WASF3	1	1	1	1
RNPS1	CDC45	1	1	1	1
RNPS1	CIRBP	1	1	1	1
RNPS1	EDEM1	1	1	1	1
RNPS1	EZH2	1	1	1	1
RNPS1	ISOC1	1	1	1	1
RNPS1	ITGAE	1	1	1	1
RNPS1	P4HA2	1	1	1	1
RNPS1	TARBP1	1	1	1	1
RNPS1	TSPAN6	1	1	1	1
RNPS1	YKT6	1	1	1	1
RPA1	ADAT1	1	1	1	1
RPA1	ARHGEF2	1	1	1	1
RPA1	CEBPD	1	1	1	1
RPA1	CSNK2A2	1	1	1	1
RPA1	GDPD5	1	1	1	1
RPA1	KDM5A	1	1	1	1
RPA1	MLLT11	1	1	1	1
RPA1	MSH6	1	1	1	1
RPA1	NUP88	1	1	1	1
RPA1	PDLIM1	1	1	1	1
RPA1	PUF60	1	1	1	1
RPA1	RAB4A	1	1	1	1
RPA1	SSBP2	1	1	1	1
RPA2	AMDHD2	1	1	1	1
RPA2	ARL4C	1	1	1	1
RPA2	CDK1	1	1	1	1
RPA2	CTNND1	1	1	1	1
RPA2	EZH2	1	1	1	1
RPA2	MYBL2	1	1	1	1
RPA2	POLE2	1	1	1	1
RPA2	PSIP1	1	1	1	1
RPA2	PYGL	1	1	1	1
RPA2	RELB	1	1	1	1
RPA2	RRS1	1	1	1	1
RPA2	RUVBL1	1	1	1	1
RPA2	SCAND1	1	1	1	1
RPA2	SLC25A13	1	1	1	1
RPA2	ZMYM2	1	1	1	1
RPA3	ARID4B	1	1	1	1
RPA3	CAB39	1	1	1	1
RPA3	DERA	1	1	1	1
RPA3	GDPD5	1	1	1	1
RPA3	IDE	1	1	1	1
RPA3	KDM5A	1	1	1	1
RPA3	RAE1	1	1	1	1
RPA3	RNPS1	1	1	1	1
RPA3	SENP6	1	1	1	1
RPA3	ST7	1	1	1	1
RPA3	TMED10	1	1	1	1
RPA3	TOMM34	1	1	1	1
RPA3	UBE2C	1	1	1	1
RPA3	UBE3C	1	1	1	1
RPA3	UBQLN2	1	1	1	1
RPA3	VPS72	1	1	1	1
RPIA	CALU	1	1	1	1
RPIA	CD44	1	1	1	1
RPIA	CRELD2	1	1	1	1
RPIA	EAPP	1	1	1	1
RPIA	FAH	1	1	1	1
RPIA	FUT1	1	1	1	1
RPIA	HPRT1	1	1	1	1
RPIA	IER3	1	1	1	1
RPIA	IKBKAP	1	1	1	1
RPIA	INTS3	1	1	1	1
RPIA	KCNK1	1	1	1	1
RPIA	KCTD5	1	1	1	1
RPIA	RRS1	1	1	1	1
RPIA	SLC11A2	1	1	1	1
RPIA	TCTN1	1	1	1	1
RPIA	TM9SF3	1	1	1	1
RPL39L	ABCF1	1	1	1	1
RPL39L	CAMSAP2	1	1	1	1
RPL39L	CD44	1	1	1	1
RPL39L	DYRK3	1	1	1	1
RPL39L	FCHO1	1	1	1	1
RPL39L	IFRD2	1	1	1	1
RPL39L	KEAP1	1	1	1	1
RPL39L	NIPSNAP1	1	1	1	1
RPL39L	NUCB2	1	1	1	1
RPL39L	NVL	1	1	1	1
RPL39L	SCAND1	1	1	1	1
RPL39L	SLC25A13	1	1	1	1
RPL39L	SORBS3	1	1	1	1
RPL39L	THAP11	1	1	1	1
RPL39L	TRAM2	1	1	1	1
RPL39L	USP1	1	1	1	1
RPN1	ABCC5	1	1	1	1
RPN1	ABL1	1	1	1	1
RPN1	ANXA7	1	1	1	1
RPN1	ATP6V1D	1	1	1	1
RPN1	BAMBI	1	1	1	1
RPN1	BLVRA	1	1	1	1
RPN1	CSNK2A2	1	1	1	1
RPN1	DENND2D	1	1	1	1
RPN1	ENOPH1	1	1	1	1
RPN1	G3BP1	1	1	1	1
RPN1	GADD45A	1	1	1	1
RPN1	GOLT1B	1	1	1	1
RPN1	HERC6	1	1	1	1
RPN1	HERPUD1	1	1	1	1
RPN1	MELK	1	1	1	1
RPN1	PRPF4	1	1	1	1
RPN1	SHB	1	1	1	1
RPN1	SOX4	1	1	1	1
RPN1	SPAG4	1	1	1	1
RPN1	TEX10	1	1	1	1
RPN1	TM9SF3	1	1	1	1
RPN1	TSTA3	1	1	1	1
RPN1	TXLNA	1	1	1	1
RPP38	ARHGAP1	1	1	1	1
RPP38	ARID5B	1	1	1	1
RPP38	CRKL	1	1	1	1
RPP38	CTTN	1	1	1	1
RPP38	DLD	1	1	1	1
RPP38	ECD	1	1	1	1
RPP38	EML3	1	1	1	1
RPP38	ENOPH1	1	1	1	1
RPP38	ERBB2	1	1	1	1
RPP38	FKBP4	1	1	1	1
RPP38	GABPB1	1	1	1	1
RPP38	GNAS	1	1	1	1
RPP38	ITGAE	1	1	1	1
RPP38	LIG1	1	1	1	1
RPP38	MALT1	1	1	1	1
RPP38	NOLC1	1	1	1	1
RPP38	PTPN12	1	1	1	1
RPP38	PYCR1	1	1	1	1
RPP38	RRP12	1	1	1	1
RPP38	RSU1	1	1	1	1
RPP38	VAPB	1	1	1	1
RPP38	ZNF131	1	1	1	1
RPS6KA1	ADI1	1	1	1	1
RPS6KA1	ARPP19	1	1	1	1
RPS6KA1	CLTB	1	1	1	1
RPS6KA1	EGFR	1	1	1	1
RPS6KA1	MCOLN1	1	1	1	1
RPS6KA1	POLR1C	1	1	1	1
RPS6KA1	RNPS1	1	1	1	1
RPS6KA1	SH3BP5	1	1	1	1
RPS6KA1	SKIV2L	1	1	1	1
RPS6KA1	SMC3	1	1	1	1
RPS6KA1	TMEM50A	1	1	1	1
RPS6KA1	UGDH	1	1	1	1
RPS6KA1	USP14	1	1	1	1
RRAGA	ACBD3	1	1	1	1
RRAGA	CBR1	1	1	1	1
RRAGA	DLD	1	1	1	1
RRAGA	DNAJB6	1	1	1	1
RRAGA	DNTTIP2	1	1	1	1
RRAGA	FAIM	1	1	1	1
RRAGA	FCHO1	1	1	1	1
RRAGA	FSD1	1	1	1	1
RRAGA	GPC1	1	1	1	1
RRAGA	HDAC2	1	1	1	1
RRAGA	KAT6A	1	1	1	1
RRAGA	KIAA1033	1	1	1	1
RRAGA	KIF5C	1	1	1	1
RRAGA	KLHL9	1	1	1	1
RRAGA	LIG1	1	1	1	1
RRAGA	MCOLN1	1	1	1	1
RRAGA	NFIL3	1	1	1	1
RRAGA	PRKACA	1	1	1	1
RRAGA	PRUNE	1	1	1	1
RRAGA	RBKS	1	1	1	1
RRAGA	RPA3	1	1	1	1
RRAGA	SLC35A1	1	1	1	1
RRAGA	TIPARP	1	1	1	1
RRAGA	TLE1	1	1	1	1
RRAGA	TSC22D3	1	1	1	1
RRAGA	VAT1	1	1	1	1
RRAGA	VAV3	1	1	1	1
RRP12	AARS	1	1	1	1
RRP12	AKR7A2	1	1	1	1
RRP12	CAST	1	1	1	1
RRP12	DNAJB6	1	1	1	1
RRP12	ECH1	1	1	1	1
RRP12	FIS1	1	1	1	1
RRP12	FPGS	1	1	1	1
RRP12	HOXA5	1	1	1	1
RRP12	KDM5B	1	1	1	1
RRP12	KIF5C	1	1	1	1
RRP12	MAPKAPK5	1	1	1	1
RRP12	MFSD10	1	1	1	1
RRP12	PRUNE	1	1	1	1
RRP12	SCCPDH	1	1	1	1
RRP12	ZNF589	1	1	1	1
RRP1B	ADCK3	1	1	1	1
RRP1B	CD97	1	1	1	1
RRP1B	CDC45	1	1	1	1
RRP1B	CNPY3	1	1	1	1
RRP1B	CYB561	1	1	1	1
RRP1B	DCUN1D4	1	1	1	1
RRP1B	DNMT1	1	1	1	1
RRP1B	EZH2	1	1	1	1
RRP1B	FUT1	1	1	1	1
RRP1B	MAN2B1	1	1	1	1
RRP1B	PAK4	1	1	1	1
RRP1B	SCYL3	1	1	1	1
RRP1B	SESN1	1	1	1	1
RRP1B	TCTN1	1	1	1	1
RRP1B	TERF2IP	1	1	1	1
RRP8	AMDHD2	1	1	1	1
RRP8	ANO10	1	1	1	1
RRP8	BZW2	1	1	1	1
RRP8	CNDP2	1	1	1	1
RRP8	CTSD	1	1	1	1
RRP8	EZH2	1	1	1	1
RRP8	GABPB1	1	1	1	1
RRP8	GDPD5	1	1	1	1
RRP8	GNAI2	1	1	1	1
RRP8	GRB10	1	1	1	1
RRP8	IPO13	1	1	1	1
RRP8	JMJD6	1	1	1	1
RRP8	JUN	1	1	1	1
RRP8	KCTD5	1	1	1	1
RRP8	KTN1	1	1	1	1
RRP8	MAN2B1	1	1	1	1
RRP8	NFIL3	1	1	1	1
RRP8	PRR7	1	1	1	1
RRP8	RAB27A	1	1	1	1
RRP8	TCTA	1	1	1	1
RRP8	TMEM50A	1	1	1	1
RRP8	USP1	1	1	1	1
RRP8	ZNF131	1	1	1	1
RRP8	ZNF586	1	1	1	1
RRS1	ARHGAP1	1	1	1	1
RRS1	BHLHE40	1	1	1	1
RRS1	CCNA2	1	1	1	1
RRS1	CYB561	1	1	1	1
RRS1	DDX42	1	1	1	1
RRS1	DHX29	1	1	1	1
RRS1	FKBP4	1	1	1	1
RRS1	HMG20B	1	1	1	1
RRS1	IGF2R	1	1	1	1
RRS1	KDM5B	1	1	1	1
RRS1	LSR	1	1	1	1
RRS1	MALT1	1	1	1	1
RRS1	NOSIP	1	1	1	1
RRS1	NUSAP1	1	1	1	1
RRS1	PAX8	1	1	1	1
RRS1	RFNG	1	1	1	1
RRS1	RPA2	1	1	1	1
RRS1	SLC25A13	1	1	1	1
RRS1	STK10	1	1	1	1
RRS1	TMEM50A	1	1	1	1
RSU1	ATP11B	1	1	1	1
RSU1	CRKL	1	1	1	1
RSU1	DHX29	1	1	1	1
RSU1	DRAP1	1	1	1	1
RSU1	FOXJ3	1	1	1	1
RSU1	GDPD5	1	1	1	1
RSU1	HK1	1	1	1	1
RSU1	HOXA10	1	1	1	1
RSU1	IKBKAP	1	1	1	1
RSU1	IKBKB	1	1	1	1
RSU1	LYRM1	1	1	1	1
RSU1	MAPK1IP1L	1	1	1	1
RSU1	MSRA	1	1	1	1
RSU1	MTF2	1	1	1	1
RSU1	OXCT1	1	1	1	1
RSU1	UBE2C	1	1	1	1
RTN2	AGL	1	1	1	1
RTN2	BIRC5	1	1	1	1
RTN2	CD320	1	1	1	1
RTN2	CD44	1	1	1	1
RTN2	CDC45	1	1	1	1
RTN2	CRYZ	1	1	1	1
RTN2	DNAJC15	1	1	1	1
RTN2	DNM1	1	1	1	1
RTN2	EVL	1	1	1	1
RTN2	GOLT1B	1	1	1	1
RTN2	HDAC6	1	1	1	1
RTN2	HTRA1	1	1	1	1
RTN2	IQGAP1	1	1	1	1
RTN2	MRPL19	1	1	1	1
RTN2	P4HA2	1	1	1	1
RTN2	POLD4	1	1	1	1
RTN2	PRUNE	1	1	1	1
RTN2	PTPN1	1	1	1	1
RTN2	SCCPDH	1	1	1	1
RTN2	TOP2A	1	1	1	1
RTN2	TP53BP2	1	1	1	1
RTN2	YKT6	1	1	1	1
RUVBL1	ATP6V0B	1	1	1	1
RUVBL1	ATP6V1D	1	1	1	1
RUVBL1	COG4	1	1	1	1
RUVBL1	CSNK2A2	1	1	1	1
RUVBL1	DNAJB6	1	1	1	1
RUVBL1	EPRS	1	1	1	1
RUVBL1	FAH	1	1	1	1
RUVBL1	FBXL12	1	1	1	1
RUVBL1	FKBP4	1	1	1	1
RUVBL1	GTF2E2	1	1	1	1
RUVBL1	HDAC2	1	1	1	1
RUVBL1	KIAA0196	1	1	1	1
RUVBL1	KLHL9	1	1	1	1
RUVBL1	LBR	1	1	1	1
RUVBL1	MCOLN1	1	1	1	1
RUVBL1	MICALL1	1	1	1	1
RUVBL1	MRPS16	1	1	1	1
RUVBL1	MTHFD2	1	1	1	1
RUVBL1	NENF	1	1	1	1
RUVBL1	PCCB	1	1	1	1
RUVBL1	PCMT1	1	1	1	1
RUVBL1	PTK2	1	1	1	1
RUVBL1	PYGL	1	1	1	1
RUVBL1	SKIV2L	1	1	1	1
RUVBL1	STX1A	1	1	1	1
RUVBL1	TARBP1	1	1	1	1
RUVBL1	TRAP1	1	1	1	1
RUVBL1	ZNF586	1	1	1	1
S100A4	CAST	1	1	1	1
S100A4	CCNB2	1	1	1	1
S100A4	DLD	1	1	1	1
S100A4	FAIM	1	1	1	1
S100A4	KDM5A	1	1	1	1
S100A4	NISCH	1	1	1	1
S100A4	PTPN1	1	1	1	1
S100A4	RBKS	1	1	1	1
S100A4	REEP5	1	1	1	1
S100A4	SCYL3	1	1	1	1
S100A4	STK25	1	1	1	1
S100A4	STX4	1	1	1	1
S100A4	VAV3	1	1	1	1
SACM1L	ABCF1	1	1	1	1
SACM1L	ACBD3	1	1	1	1
SACM1L	ARFIP2	1	1	1	1
SACM1L	CEBPZ	1	1	1	1
SACM1L	CHERP	1	1	1	1
SACM1L	CLTB	1	1	1	1
SACM1L	DCUN1D4	1	1	1	1
SACM1L	EDEM1	1	1	1	1
SACM1L	EZH2	1	1	1	1
SACM1L	MAN2B1	1	1	1	1
SACM1L	PARP2	1	1	1	1
SACM1L	PNKP	1	1	1	1
SACM1L	PUF60	1	1	1	1
SACM1L	RAD51C	1	1	1	1
SACM1L	TRAK2	1	1	1	1
SACM1L	TRAPPC6A	1	1	1	1
SACM1L	TRIM13	1	1	1	1
SACM1L	UBE2A	1	1	1	1
SACM1L	VGLL4	1	1	1	1
SCAND1	ASCC3	1	1	1	1
SCAND1	CCDC86	1	1	1	1
SCAND1	CENPE	1	1	1	1
SCAND1	COG2	1	1	1	1
SCAND1	COPS7A	1	1	1	1
SCAND1	DNAJC15	1	1	1	1
SCAND1	DNM1	1	1	1	1
SCAND1	EBP	1	1	1	1
SCAND1	ECD	1	1	1	1
SCAND1	G3BP1	1	1	1	1
SCAND1	GAA	1	1	1	1
SCAND1	GMNN	1	1	1	1
SCAND1	HMGCS1	1	1	1	1
SCAND1	IKBKB	1	1	1	1
SCAND1	JMJD6	1	1	1	1
SCAND1	KIAA0753	1	1	1	1
SCAND1	LRRC41	1	1	1	1
SCAND1	PLP2	1	1	1	1
SCAND1	POLG2	1	1	1	1
SCAND1	PPIE	1	1	1	1
SCAND1	TIMELESS	1	1	1	1
SCAND1	TOPBP1	1	1	1	1
SCAND1	TRAP1	1	1	1	1
SCAND1	TXLNA	1	1	1	1
SCAND1	WASF3	1	1	1	1
SCARB1	CRKL	1	1	1	1
SCARB1	ITFG1	1	1	1	1
SCARB1	KIT	1	1	1	1
SCARB1	MSRA	1	1	1	1
SCARB1	PNP	1	1	1	1
SCARB1	RAP1GAP	1	1	1	1
SCARB1	RNPS1	1	1	1	1
SCARB1	RSU1	1	1	1	1
SCARB1	SNX13	1	1	1	1
SCARB1	STX4	1	1	1	1
SCARB1	VAV3	1	1	1	1
SCCPDH	ADI1	1	1	1	1
SCCPDH	B3GNT1	1	1	1	1
SCCPDH	C2CD2L	1	1	1	1
SCCPDH	CDKN1A	1	1	1	1
SCCPDH	ENOSF1	1	1	1	1
SCCPDH	MAPKAPK5	1	1	1	1
SCCPDH	MTF2	1	1	1	1
SCCPDH	NUP62	1	1	1	1
SCCPDH	P4HA2	1	1	1	1
SCCPDH	PIK3C2B	1	1	1	1
SCCPDH	SLC35B1	1	1	1	1
SCCPDH	SYPL1	1	1	1	1
SCCPDH	TIMM9	1	1	1	1
SCCPDH	UBE2C	1	1	1	1
SCP2	ABL1	1	1	1	1
SCP2	ARID5B	1	1	1	1
SCP2	BCL2	1	1	1	1
SCP2	CFLAR	1	1	1	1
SCP2	CHERP	1	1	1	1
SCP2	CNDP2	1	1	1	1
SCP2	COPB2	1	1	1	1
SCP2	DNAJB2	1	1	1	1
SCP2	EBNA1BP2	1	1	1	1
SCP2	FAM69A	1	1	1	1
SCP2	GALE	1	1	1	1
SCP2	GTF2A2	1	1	1	1
SCP2	HERC6	1	1	1	1
SCP2	HK1	1	1	1	1
SCP2	IER3	1	1	1	1
SCP2	IKBKE	1	1	1	1
SCP2	KIAA0100	1	1	1	1
SCP2	MALT1	1	1	1	1
SCP2	MCOLN1	1	1	1	1
SCP2	PCBD1	1	1	1	1
SCP2	PLA2G15	1	1	1	1
SCP2	RBM15B	1	1	1	1
SCP2	SHB	1	1	1	1
SCP2	SLC35B1	1	1	1	1
SCP2	SPDEF	1	1	1	1
SCP2	STX1A	1	1	1	1
SCP2	TIMP2	1	1	1	1
SCP2	TPD52L2	1	1	1	1
SCP2	UBE2J1	1	1	1	1
SCP2	VPS28	1	1	1	1
SCP2	ZNF274	1	1	1	1
SCRN1	ATG3	1	1	1	1
SCRN1	ATP5S	1	1	1	1
SCRN1	DHDDS	1	1	1	1
SCRN1	DHX29	1	1	1	1
SCRN1	DMTF1	1	1	1	1
SCRN1	DNAJB6	1	1	1	1
SCRN1	EPRS	1	1	1	1
SCRN1	FBXO21	1	1	1	1
SCRN1	GLRX	1	1	1	1
SCRN1	GPR56	1	1	1	1
SCRN1	HDAC6	1	1	1	1
SCRN1	HN1L	1	1	1	1
SCRN1	HYOU1	1	1	1	1
SCRN1	IL4R	1	1	1	1
SCRN1	KAT6B	1	1	1	1
SCRN1	KIAA0753	1	1	1	1
SCRN1	LSM6	1	1	1	1
SCRN1	MYC	1	1	1	1
SCRN1	NUP133	1	1	1	1
SCRN1	STAP2	1	1	1	1
SCRN1	TRIM13	1	1	1	1
SCRN1	TXNL4B	1	1	1	1
SCRN1	UBE2C	1	1	1	1
SCRN1	UFM1	1	1	1	1
SCRN1	WDTC1	1	1	1	1
SCRN1	YME1L1	1	1	1	1
SCYL3	ARHGEF2	1	1	1	1
SCYL3	CAPN1	1	1	1	1
SCYL3	DLD	1	1	1	1
SCYL3	GNA11	1	1	1	1
SCYL3	KAT6A	1	1	1	1
SCYL3	LRPAP1	1	1	1	1
SCYL3	MYC	1	1	1	1
SCYL3	PIN1	1	1	1	1
SCYL3	PTPLAD1	1	1	1	1
SCYL3	PTPRK	1	1	1	1
SCYL3	RAB11FIP2	1	1	1	1
SCYL3	RBM6	1	1	1	1
SCYL3	SLC27A3	1	1	1	1
SCYL3	SLC35F2	1	1	1	1
SCYL3	STK25	1	1	1	1
SCYL3	TMEM109	1	1	1	1
SDHB	B3GNT1	1	1	1	1
SDHB	CAB39	1	1	1	1
SDHB	CBR1	1	1	1	1
SDHB	CHERP	1	1	1	1
SDHB	CISD1	1	1	1	1
SDHB	DNAJC15	1	1	1	1
SDHB	GSTZ1	1	1	1	1
SDHB	HTRA1	1	1	1	1
SDHB	NUDCD3	1	1	1	1
SDHB	PRKACA	1	1	1	1
SDHB	PTPN12	1	1	1	1
SDHB	SYNGR3	1	1	1	1
SDHB	TPD52L2	1	1	1	1
SENP6	CETN3	1	1	1	1
SENP6	CIAPIN1	1	1	1	1
SENP6	CSNK2A2	1	1	1	1
SENP6	CTTN	1	1	1	1
SENP6	CXCR4	1	1	1	1
SENP6	DMTF1	1	1	1	1
SENP6	GABPB1	1	1	1	1
SENP6	KIF2C	1	1	1	1
SENP6	LBR	1	1	1	1
SENP6	MAPK13	1	1	1	1
SENP6	NMT1	1	1	1	1
SENP6	PYCR1	1	1	1	1
SENP6	SCCPDH	1	1	1	1
SENP6	TCTN1	1	1	1	1
SENP6	TRAPPC3	1	1	1	1
SESN1	B3GNT1	1	1	1	1
SESN1	ECH1	1	1	1	1
SESN1	HMG20B	1	1	1	1
SESN1	KLHDC2	1	1	1	1
SESN1	MAP4K4	1	1	1	1
SESN1	MBTPS1	1	1	1	1
SESN1	NMT1	1	1	1	1
SESN1	ORC1	1	1	1	1
SESN1	PCBD1	1	1	1	1
SESN1	STX1A	1	1	1	1
SFN	ADCK3	1	1	1	1
SFN	BHLHE40	1	1	1	1
SFN	CSNK2A2	1	1	1	1
SFN	EAPP	1	1	1	1
SFN	HDAC2	1	1	1	1
SFN	INPP1	1	1	1	1
SFN	INTS3	1	1	1	1
SFN	MAMLD1	1	1	1	1
SFN	MAPK9	1	1	1	1
SFN	NUP62	1	1	1	1
SFN	PCM1	1	1	1	1
SFN	PCMT1	1	1	1	1
SFN	POLR1C	1	1	1	1
SFN	PTK2	1	1	1	1
SFN	RNF167	1	1	1	1
SFN	RRP12	1	1	1	1
SFN	SFN	1	1	1	1
SFN	TEX10	1	1	1	1
SGCB	CGRRF1	1	1	1	1
SGCB	COG7	1	1	1	1
SGCB	CORO1A	1	1	1	1
SGCB	CPNE3	1	1	1	1
SGCB	DNAJB6	1	1	1	1
SGCB	ENOPH1	1	1	1	1
SGCB	ENOSF1	1	1	1	1
SGCB	GALE	1	1	1	1
SGCB	GNA11	1	1	1	1
SGCB	HK1	1	1	1	1
SGCB	KIF20A	1	1	1	1
SGCB	KLHL9	1	1	1	1
SGCB	MAPK13	1	1	1	1
SGCB	PARP2	1	1	1	1
SGCB	POLE2	1	1	1	1
SGCB	PTPLAD1	1	1	1	1
SGCB	PTPN12	1	1	1	1
SGCB	SLC37A4	1	1	1	1
SGCB	STMN1	1	1	1	1
SGCB	UBR7	1	1	1	1
SGCB	USP22	1	1	1	1
SH3BP5	ACAT2	1	1	1	1
SH3BP5	C2CD2L	1	1	1	1
SH3BP5	CCP110	1	1	1	1
SH3BP5	CETN3	1	1	1	1
SH3BP5	DCUN1D4	1	1	1	1
SH3BP5	GADD45A	1	1	1	1
SH3BP5	IDE	1	1	1	1
SH3BP5	KIAA0753	1	1	1	1
SH3BP5	LSM5	1	1	1	1
SH3BP5	MAMLD1	1	1	1	1
SH3BP5	NFE2L2	1	1	1	1
SH3BP5	NPC1	1	1	1	1
SH3BP5	RPA3	1	1	1	1
SH3BP5	RUVBL1	1	1	1	1
SH3BP5	SPEN	1	1	1	1
SH3BP5	STMN1	1	1	1	1
SH3BP5	TCEA2	1	1	1	1
SH3BP5	TP53BP2	1	1	1	1
SH3BP5	YKT6	1	1	1	1
SHB	ADI1	1	1	1	1
SHB	ALDOC	1	1	1	1
SHB	BLCAP	1	1	1	1
SHB	BUB1B	1	1	1	1
SHB	CAT	1	1	1	1
SHB	CLTB	1	1	1	1
SHB	DHX29	1	1	1	1
SHB	FAT1	1	1	1	1
SHB	FOS	1	1	1	1
SHB	GLRX	1	1	1	1
SHB	HEBP1	1	1	1	1
SHB	HPRT1	1	1	1	1
SHB	IARS2	1	1	1	1
SHB	IGF1R	1	1	1	1
SHB	KLHDC2	1	1	1	1
SHB	MBNL1	1	1	1	1
SHB	MBTPS1	1	1	1	1
SHB	MTF2	1	1	1	1
SHB	NIT1	1	1	1	1
SHB	PDLIM1	1	1	1	1
SHB	POLR2I	1	1	1	1
SHB	RPA2	1	1	1	1
SHB	S100A4	1	1	1	1
SHB	SGCB	1	1	1	1
SHB	SHB	1	1	1	1
SHB	SLC35F2	1	1	1	1
SHB	TCTA	1	1	1	1
SHB	TNIP1	1	1	1	1
SHB	UBE3C	1	1	1	1
SHB	VPS72	1	1	1	1
SHB	ZMIZ1	1	1	1	1
SKIV2L	ADI1	1	1	1	1
SKIV2L	AMDHD2	1	1	1	1
SKIV2L	CETN3	1	1	1	1
SKIV2L	COPS7A	1	1	1	1
SKIV2L	CREB1	1	1	1	1
SKIV2L	DUSP14	1	1	1	1
SKIV2L	EBP	1	1	1	1
SKIV2L	EZH2	1	1	1	1
SKIV2L	FCHO1	1	1	1	1
SKIV2L	FOS	1	1	1	1
SKIV2L	GRN	1	1	1	1
SKIV2L	HK1	1	1	1	1
SKIV2L	IQGAP1	1	1	1	1
SKIV2L	LSM6	1	1	1	1
SKIV2L	MICALL1	1	1	1	1
SKIV2L	MRPS2	1	1	1	1
SKIV2L	PPP2R3C	1	1	1	1
SKIV2L	PRAF2	1	1	1	1
SKIV2L	RAB31	1	1	1	1
SKIV2L	RPIA	1	1	1	1
SKIV2L	RPN1	1	1	1	1
SKIV2L	SCAND1	1	1	1	1
SKIV2L	SLC37A4	1	1	1	1
SKIV2L	TERF2IP	1	1	1	1
SKIV2L	TJP1	1	1	1	1
SKIV2L	TM9SF3	1	1	1	1
SKIV2L	TP53BP2	1	1	1	1
SKIV2L	TRIB3	1	1	1	1
SKIV2L	UBQLN2	1	1	1	1
SKIV2L	UTP14A	1	1	1	1
SLC11A2	BLMH	1	1	1	1
SLC11A2	BUB1B	1	1	1	1
SLC11A2	CERK	1	1	1	1
SLC11A2	CPNE3	1	1	1	1
SLC11A2	GNAI2	1	1	1	1
SLC11A2	KIAA1033	1	1	1	1
SLC11A2	RAB27A	1	1	1	1
SLC11A2	S100A4	1	1	1	1
SLC11A2	WASF3	1	1	1	1
SLC1A4	ADAT1	1	1	1	1
SLC1A4	APBB2	1	1	1	1
SLC1A4	BLCAP	1	1	1	1
SLC1A4	CCNF	1	1	1	1
SLC1A4	CFLAR	1	1	1	1
SLC1A4	CLPX	1	1	1	1
SLC1A4	DNAJB2	1	1	1	1
SLC1A4	DUSP11	1	1	1	1
SLC1A4	ECD	1	1	1	1
SLC1A4	ENOPH1	1	1	1	1
SLC1A4	FBXO21	1	1	1	1
SLC1A4	FEZ2	1	1	1	1
SLC1A4	GAPDH	1	1	1	1
SLC1A4	HADH	1	1	1	1
SLC1A4	HDAC6	1	1	1	1
SLC1A4	HSD17B11	1	1	1	1
SLC1A4	IKBKAP	1	1	1	1
SLC1A4	KCTD5	1	1	1	1
SLC1A4	KDM5B	1	1	1	1
SLC1A4	MAPK13	1	1	1	1
SLC1A4	MAPKAPK3	1	1	1	1
SLC1A4	NET1	1	1	1	1
SLC1A4	RFX5	1	1	1	1
SLC1A4	SCYL3	1	1	1	1
SLC1A4	SESN1	1	1	1	1
SLC1A4	SLC25A46	1	1	1	1
SLC1A4	SOX4	1	1	1	1
SLC1A4	TIMP2	1	1	1	1
SLC1A4	TSEN2	1	1	1	1
SLC1A4	VAPB	1	1	1	1
SLC1A4	VAV3	1	1	1	1
SLC1A4	WDTC1	1	1	1	1
SLC1A4	ZMIZ1	1	1	1	1
SLC25A13	AKT1	1	1	1	1
SLC25A13	ATP2C1	1	1	1	1
SLC25A13	CAB39	1	1	1	1
SLC25A13	CASK	1	1	1	1
SLC25A13	CBR1	1	1	1	1
SLC25A13	CCP110	1	1	1	1
SLC25A13	CDK1	1	1	1	1
SLC25A13	DDX10	1	1	1	1
SLC25A13	DMTF1	1	1	1	1
SLC25A13	FASTKD5	1	1	1	1
SLC25A13	GRB10	1	1	1	1
SLC25A13	RRS1	1	1	1	1
SLC25A13	SFN	1	1	1	1
SLC25A13	SNX13	1	1	1	1
SLC25A13	TSPAN4	1	1	1	1
SLC25A13	UBE3B	1	1	1	1
SLC25A14	ABCC5	1	1	1	1
SLC25A14	CHN1	1	1	1	1
SLC25A14	CPSF4	1	1	1	1
SLC25A14	CRKL	1	1	1	1
SLC25A14	ELAVL1	1	1	1	1
SLC25A14	GTF2A2	1	1	1	1
SLC25A14	IKBKAP	1	1	1	1
SLC25A14	MAST2	1	1	1	1
SLC25A14	MCOLN1	1	1	1	1
SLC25A14	NUDT9	1	1	1	1
SLC25A14	PLA2G15	1	1	1	1
SLC25A14	SLC25A13	1	1	1	1
SLC25A14	SMC1A	1	1	1	1
SLC25A14	VPS28	1	1	1	1
SLC25A14	ZNF451	1	1	1	1
SLC25A4	ARHGEF2	1	1	1	1
SLC25A4	ATP6V1D	1	1	1	1
SLC25A4	CASC3	1	1	1	1
SLC25A4	CGRRF1	1	1	1	1
SLC25A4	CLSTN1	1	1	1	1
SLC25A4	DERA	1	1	1	1
SLC25A4	DSG2	1	1	1	1
SLC25A4	IER3	1	1	1	1
SLC25A4	MBTPS1	1	1	1	1
SLC25A4	NUDCD3	1	1	1	1
SLC25A4	NUSAP1	1	1	1	1
SLC25A4	PDLIM1	1	1	1	1
SLC25A46	B3GNT1	1	1	1	1
SLC25A46	CD320	1	1	1	1
SLC25A46	CD44	1	1	1	1
SLC25A46	CRTAP	1	1	1	1
SLC25A46	DNAJB2	1	1	1	1
SLC25A46	EZH2	1	1	1	1
SLC25A46	GSTZ1	1	1	1	1
SLC25A46	GTPBP8	1	1	1	1
SLC25A46	HDAC6	1	1	1	1
SLC25A46	HMGCR	1	1	1	1
SLC25A46	KDM5B	1	1	1	1
SLC25A46	LYRM1	1	1	1	1
SLC25A46	NFIL3	1	1	1	1
SLC25A46	NMT1	1	1	1	1
SLC25A46	NRAS	1	1	1	1
SLC25A46	POLE2	1	1	1	1
SLC25A46	PPIE	1	1	1	1
SLC25A46	SSBP2	1	1	1	1
SLC25A46	TOR1A	1	1	1	1
SLC25A46	TRIM2	1	1	1	1
SLC27A3	CHN1	1	1	1	1
SLC27A3	CNDP2	1	1	1	1
SLC27A3	EBNA1BP2	1	1	1	1
SLC27A3	FAM69A	1	1	1	1
SLC27A3	FDFT1	1	1	1	1
SLC27A3	FKBP4	1	1	1	1
SLC27A3	LAMA3	1	1	1	1
SLC27A3	LGMN	1	1	1	1
SLC27A3	PPIE	1	1	1	1
SLC27A3	RSU1	1	1	1	1
SLC27A3	S100A4	1	1	1	1
SLC27A3	SLC35A3	1	1	1	1
SLC27A3	TM9SF3	1	1	1	1
SLC27A3	TRIB3	1	1	1	1
SLC2A6	IER3	1	1	1	1
SLC2A6	INTS3	1	1	1	1
SLC2A6	LAMA3	1	1	1	1
SLC2A6	P4HTM	1	1	1	1
SLC2A6	PAPD7	1	1	1	1
SLC2A6	PHKG2	1	1	1	1
SLC2A6	RPN1	1	1	1	1
SLC2A6	UGDH	1	1	1	1
SLC2A6	WFS1	1	1	1	1
SLC2A6	WIPF2	1	1	1	1
SLC2A6	YKT6	1	1	1	1
SLC35A1	AARS	1	1	1	1
SLC35A1	AKT1	1	1	1	1
SLC35A1	ARID5B	1	1	1	1
SLC35A1	BLVRA	1	1	1	1
SLC35A1	CHN1	1	1	1	1
SLC35A1	CRKL	1	1	1	1
SLC35A1	FBXL12	1	1	1	1
SLC35A1	GRB10	1	1	1	1
SLC35A1	GTPBP8	1	1	1	1
SLC35A1	HSD17B11	1	1	1	1
SLC35A1	HTATSF1	1	1	1	1
SLC35A1	IKBKAP	1	1	1	1
SLC35A1	ME2	1	1	1	1
SLC35A1	MEST	1	1	1	1
SLC35A1	NFE2L2	1	1	1	1
SLC35A1	PHGDH	1	1	1	1
SLC35A1	REEP5	1	1	1	1
SLC35A1	SLC5A6	1	1	1	1
SLC35A1	SPAG7	1	1	1	1
SLC35A1	TMEM50A	1	1	1	1
SLC35A1	UBE2L6	1	1	1	1
SLC35A1	ZNF586	1	1	1	1
SLC35A3	ADH5	1	1	1	1
SLC35A3	ANO10	1	1	1	1
SLC35A3	B3GNT1	1	1	1	1
SLC35A3	BLMH	1	1	1	1
SLC35A3	C2CD2L	1	1	1	1
SLC35A3	COG4	1	1	1	1
SLC35A3	DDB2	1	1	1	1
SLC35A3	FIS1	1	1	1	1
SLC35A3	GAPDH	1	1	1	1
SLC35A3	GNPDA1	1	1	1	1
SLC35A3	GTPBP8	1	1	1	1
SLC35A3	HPRT1	1	1	1	1
SLC35A3	NRAS	1	1	1	1
SLC35A3	NVL	1	1	1	1
SLC35A3	P4HA2	1	1	1	1
SLC35A3	PAPD7	1	1	1	1
SLC35A3	PCM1	1	1	1	1
SLC35A3	POLE2	1	1	1	1
SLC35A3	POLG2	1	1	1	1
SLC35A3	PTPLAD1	1	1	1	1
SLC35A3	PXN	1	1	1	1
SLC35A3	RAB4A	1	1	1	1
SLC35A3	SLC35A3	1	1	1	1
SLC35A3	SYPL1	1	1	1	1
SLC35A3	TIAM1	1	1	1	1
SLC35A3	TRIM13	1	1	1	1
SLC35A3	TSC22D3	1	1	1	1
SLC35A3	VPS28	1	1	1	1
SLC35B1	ALAS1	1	1	1	1
SLC35B1	ARFIP2	1	1	1	1
SLC35B1	BAG3	1	1	1	1
SLC35B1	CLSTN1	1	1	1	1
SLC35B1	FEZ2	1	1	1	1
SLC35B1	IPO13	1	1	1	1
SLC35B1	PCBD1	1	1	1	1
SLC35B1	POLD4	1	1	1	1
SLC35B1	PYCR1	1	1	1	1
SLC35B1	TLE1	1	1	1	1
SLC35B1	TSKU	1	1	1	1
SLC35B1	USP1	1	1	1	1
SLC35F2	AKAP8	1	1	1	1
SLC35F2	BNIP3	1	1	1	1
SLC35F2	CCP110	1	1	1	1
SLC35F2	DSG2	1	1	1	1
SLC35F2	FBXO21	1	1	1	1
SLC35F2	GAPDH	1	1	1	1
SLC35F2	KIF20A	1	1	1	1
SLC35F2	MAP2K5	1	1	1	1
SLC35F2	MTFR1	1	1	1	1
SLC35F2	NENF	1	1	1	1
SLC35F2	NUP88	1	1	1	1
SLC35F2	PCMT1	1	1	1	1
SLC35F2	SCARB1	1	1	1	1
SLC35F2	TCEAL4	1	1	1	1
SLC37A4	CCDC92	1	1	1	1
SLC37A4	CD97	1	1	1	1
SLC37A4	COG2	1	1	1	1
SLC37A4	CYB561	1	1	1	1
SLC37A4	DHRS7	1	1	1	1
SLC37A4	ELOVL6	1	1	1	1
SLC37A4	FAM57A	1	1	1	1
SLC37A4	FOXJ3	1	1	1	1
SLC37A4	HN1L	1	1	1	1
SLC37A4	NIPSNAP1	1	1	1	1
SLC37A4	RPA3	1	1	1	1
SLC37A4	SCCPDH	1	1	1	1
SLC37A4	TIMM17B	1	1	1	1
SLC37A4	TLE1	1	1	1	1
SLC5A6	ADI1	1	1	1	1
SLC5A6	ARHGAP1	1	1	1	1
SLC5A6	ARID5B	1	1	1	1
SLC5A6	BPHL	1	1	1	1
SLC5A6	C2CD2L	1	1	1	1
SLC5A6	CASC3	1	1	1	1
SLC5A6	CEBPZ	1	1	1	1
SLC5A6	COG4	1	1	1	1
SLC5A6	DCK	1	1	1	1
SLC5A6	FAM69A	1	1	1	1
SLC5A6	GADD45B	1	1	1	1
SLC5A6	GNPDA1	1	1	1	1
SLC5A6	KDM3A	1	1	1	1
SLC5A6	KIAA0753	1	1	1	1
SLC5A6	MAST2	1	1	1	1
SLC5A6	ME2	1	1	1	1
SLC5A6	METRN	1	1	1	1
SLC5A6	MYBL2	1	1	1	1
SLC5A6	NFE2L2	1	1	1	1
SLC5A6	NFIL3	1	1	1	1
SLC5A6	NUP133	1	1	1	1
SLC5A6	PLOD3	1	1	1	1
SLC5A6	PNKP	1	1	1	1
SLC5A6	PRUNE	1	1	1	1
SLC5A6	RAB21	1	1	1	1
SLC5A6	SLC37A4	1	1	1	1
SLC5A6	SMC1A	1	1	1	1
SLC5A6	TCEAL4	1	1	1	1
SLC5A6	TM9SF2	1	1	1	1
SLC5A6	TMCO1	1	1	1	1
SLC5A6	TRIB1	1	1	1	1
SLC5A6	UBQLN2	1	1	1	1
SLC5A6	USP1	1	1	1	1
SLC5A6	ZNF586	1	1	1	1
SMAD3	ARHGAP1	1	1	1	1
SMAD3	ATP1B1	1	1	1	1
SMAD3	BCL2	1	1	1	1
SMAD3	BCL7B	1	1	1	1
SMAD3	CAPN1	1	1	1	1
SMAD3	CAT	1	1	1	1
SMAD3	CGRRF1	1	1	1	1
SMAD3	CRKL	1	1	1	1
SMAD3	DNAJB2	1	1	1	1
SMAD3	GAA	1	1	1	1
SMAD3	GALE	1	1	1	1
SMAD3	HPRT1	1	1	1	1
SMAD3	IKBKAP	1	1	1	1
SMAD3	ITFG1	1	1	1	1
SMAD3	KDM5A	1	1	1	1
SMAD3	P4HA2	1	1	1	1
SMAD3	PAPD7	1	1	1	1
SMAD3	PLP2	1	1	1	1
SMAD3	RGS2	1	1	1	1
SMAD3	RRAGA	1	1	1	1
SMAD3	SFN	1	1	1	1
SMAD3	SOX4	1	1	1	1
SMAD3	TCTN1	1	1	1	1
SMAD3	TIMM9	1	1	1	1
SMAD3	TRIM13	1	1	1	1
SMAD3	ZNF451	1	1	1	1
SMARCA4	BAG3	1	1	1	1
SMARCA4	CHAC1	1	1	1	1
SMARCA4	COPB2	1	1	1	1
SMARCA4	EPN2	1	1	1	1
SMARCA4	GABPB1	1	1	1	1
SMARCA4	IER3	1	1	1	1
SMARCA4	KCTD5	1	1	1	1
SMARCA4	LPAR2	1	1	1	1
SMARCA4	MAP2K5	1	1	1	1
SMARCA4	MBNL1	1	1	1	1
SMARCA4	PTPN12	1	1	1	1
SMARCA4	TMED10	1	1	1	1
SMARCA4	UBE3C	1	1	1	1
SMARCA4	UFM1	1	1	1	1
SMARCA4	VPS28	1	1	1	1
SMARCC1	ABCC5	1	1	1	1
SMARCC1	ABL1	1	1	1	1
SMARCC1	ACAT2	1	1	1	1
SMARCC1	CSNK2A2	1	1	1	1
SMARCC1	FKBP4	1	1	1	1
SMARCC1	GOLT1B	1	1	1	1
SMARCC1	IL13RA1	1	1	1	1
SMARCC1	IQGAP1	1	1	1	1
SMARCC1	LGALS8	1	1	1	1
SMARCC1	LRRC16A	1	1	1	1
SMARCC1	MCM3	1	1	1	1
SMARCC1	SNX7	1	1	1	1
SMARCC1	SOX4	1	1	1	1
SMARCC1	TRAP1	1	1	1	1
SMARCD2	ACOT9	1	1	1	1
SMARCD2	ADI1	1	1	1	1
SMARCD2	ASCC3	1	1	1	1
SMARCD2	CCP110	1	1	1	1
SMARCD2	CHEK2	1	1	1	1
SMARCD2	CYTH1	1	1	1	1
SMARCD2	ELOVL6	1	1	1	1
SMARCD2	FAM63A	1	1	1	1
SMARCD2	GADD45B	1	1	1	1
SMARCD2	GLOD4	1	1	1	1
SMARCD2	IER3	1	1	1	1
SMARCD2	ISOC1	1	1	1	1
SMARCD2	KIAA0907	1	1	1	1
SMARCD2	LYPLA1	1	1	1	1
SMARCD2	PIH1D1	1	1	1	1
SMARCD2	PLP2	1	1	1	1
SMARCD2	PRUNE	1	1	1	1
SMARCD2	RPS6KA1	1	1	1	1
SMARCD2	RRP8	1	1	1	1
SMARCD2	SESN1	1	1	1	1
SMARCD2	SQRDL	1	1	1	1
SMARCD2	VAV3	1	1	1	1
SMC1A	BIRC5	1	1	1	1
SMC1A	CD44	1	1	1	1
SMC1A	DYNLT3	1	1	1	1
SMC1A	GNAI2	1	1	1	1
SMC1A	GRWD1	1	1	1	1
SMC1A	KIAA1033	1	1	1	1
SMC1A	MAPK9	1	1	1	1
SMC1A	MLEC	1	1	1	1
SMC1A	NCAPD2	1	1	1	1
SMC1A	PTPLAD1	1	1	1	1
SMC1A	PTPN12	1	1	1	1
SMC1A	TCTA	1	1	1	1
SMC1A	TERF2IP	1	1	1	1
SMC1A	UBE2A	1	1	1	1
SMC3	CAT	1	1	1	1
SMC3	CXCR4	1	1	1	1
SMC3	DECR1	1	1	1	1
SMC3	DUSP11	1	1	1	1
SMC3	EML3	1	1	1	1
SMC3	GNAS	1	1	1	1
SMC3	HTRA1	1	1	1	1
SMC3	MACF1	1	1	1	1
SMC3	MAPK9	1	1	1	1
SMC3	NMT1	1	1	1	1
SMC3	NUP133	1	1	1	1
SMC3	ORC1	1	1	1	1
SMC3	PGM1	1	1	1	1
SMC3	PXN	1	1	1	1
SMC3	SCCPDH	1	1	1	1
SMC3	SPRED2	1	1	1	1
SMC3	TARBP1	1	1	1	1
SMC3	WASF3	1	1	1	1
SMC3	YME1L1	1	1	1	1
SMC4	ADAT1	1	1	1	1
SMC4	DHDDS	1	1	1	1
SMC4	EPN2	1	1	1	1
SMC4	ETFB	1	1	1	1
SMC4	LRPAP1	1	1	1	1
SMC4	PLOD3	1	1	1	1
SMC4	RAD51C	1	1	1	1
SMC4	TIMP2	1	1	1	1
SMC4	VAPB	1	1	1	1
SMC4	VAT1	1	1	1	1
SMNDC1	ABL1	1	1	1	1
SMNDC1	BAG3	1	1	1	1
SMNDC1	EVL	1	1	1	1
SMNDC1	GNA11	1	1	1	1
SMNDC1	GPR56	1	1	1	1
SMNDC1	HMG20B	1	1	1	1
SMNDC1	RBM15B	1	1	1	1
SMNDC1	RNPS1	1	1	1	1
SMNDC1	SSBP2	1	1	1	1
SMNDC1	STAP2	1	1	1	1
SMNDC1	STK25	1	1	1	1
SMNDC1	STMN1	1	1	1	1
SMNDC1	TCTN1	1	1	1	1
SMNDC1	TLE1	1	1	1	1
SMNDC1	TP53BP1	1	1	1	1
SMNDC1	TRAPPC3	1	1	1	1
SMNDC1	WDTC1	1	1	1	1
SMNDC1	ZNF131	1	1	1	1
SNX11	ARHGEF2	1	1	1	1
SNX11	CDK1	1	1	1	1
SNX11	ECH1	1	1	1	1
SNX11	ILK	1	1	1	1
SNX11	MAPK9	1	1	1	1
SNX11	PKIG	1	1	1	1
SNX11	POLB	1	1	1	1
SNX11	POLG2	1	1	1	1
SNX11	PRUNE	1	1	1	1
SNX11	S100A4	1	1	1	1
SNX11	TCEA2	1	1	1	1
SNX11	TES	1	1	1	1
SNX11	XPNPEP1	1	1	1	1
SNX13	AKR7A2	1	1	1	1
SNX13	AURKB	1	1	1	1
SNX13	B3GNT1	1	1	1	1
SNX13	CEBPD	1	1	1	1
SNX13	EBNA1BP2	1	1	1	1
SNX13	GAPDH	1	1	1	1
SNX13	HTRA1	1	1	1	1
SNX13	KCTD5	1	1	1	1
SNX13	KDM5B	1	1	1	1
SNX13	KIAA0907	1	1	1	1
SNX13	KIAA1279	1	1	1	1
SNX13	NUP62	1	1	1	1
SNX13	PAPD7	1	1	1	1
SNX13	PCM1	1	1	1	1
SNX13	PHKG2	1	1	1	1
SNX13	PTPRF	1	1	1	1
SNX13	RPA2	1	1	1	1
SNX13	SFN	1	1	1	1
SNX13	STAMBP	1	1	1	1
SNX13	TXLNA	1	1	1	1
SNX13	UBR7	1	1	1	1
SNX13	UFM1	1	1	1	1
SNX13	ZNF131	1	1	1	1
SNX7	ARID5B	1	1	1	1
SNX7	ATP6V0B	1	1	1	1
SNX7	B3GNT1	1	1	1	1
SNX7	C2CD2L	1	1	1	1
SNX7	CASP3	1	1	1	1
SNX7	CENPE	1	1	1	1
SNX7	CERK	1	1	1	1
SNX7	CFLAR	1	1	1	1
SNX7	CHEK2	1	1	1	1
SNX7	CHERP	1	1	1	1
SNX7	CSNK2A2	1	1	1	1
SNX7	DHX29	1	1	1	1
SNX7	DUSP11	1	1	1	1
SNX7	ELAVL1	1	1	1	1
SNX7	EZH2	1	1	1	1
SNX7	FBXL12	1	1	1	1
SNX7	FBXO7	1	1	1	1
SNX7	FCHO1	1	1	1	1
SNX7	GPR56	1	1	1	1
SNX7	GRN	1	1	1	1
SNX7	HADH	1	1	1	1
SNX7	HAT1	1	1	1	1
SNX7	HDAC6	1	1	1	1
SNX7	HPRT1	1	1	1	1
SNX7	ID2	1	1	1	1
SNX7	KTN1	1	1	1	1
SNX7	MAPKAPK3	1	1	1	1
SNX7	MAPKAPK5	1	1	1	1
SNX7	NIT1	1	1	1	1
SNX7	NUCB2	1	1	1	1
SNX7	PDHX	1	1	1	1
SNX7	PHKB	1	1	1	1
SNX7	PRCP	1	1	1	1
SNX7	RAD9A	1	1	1	1
SNX7	RUVBL1	1	1	1	1
SNX7	SFN	1	1	1	1
SNX7	SLC37A4	1	1	1	1
SNX7	SMC4	1	1	1	1
SNX7	SORBS3	1	1	1	1
SNX7	STXBP1	1	1	1	1
SNX7	STXBP2	1	1	1	1
SNX7	TMEM97	1	1	1	1
SNX7	TOMM70A	1	1	1	1
SNX7	TRIB1	1	1	1	1
SNX7	TRIM13	1	1	1	1
SNX7	UFM1	1	1	1	1
SNX7	XPO7	1	1	1	1
SOCS2	ADAT1	1	1	1	1
SOCS2	DDIT4	1	1	1	1
SOCS2	FIS1	1	1	1	1
SOCS2	PLSCR1	1	1	1	1
SOCS2	POLE2	1	1	1	1
SOCS2	TSC22D3	1	1	1	1
SOCS2	ZNF318	1	1	1	1
SORBS3	AKT1	1	1	1	1
SORBS3	BCL2	1	1	1	1
SORBS3	BZW2	1	1	1	1
SORBS3	DHX29	1	1	1	1
SORBS3	DRAP1	1	1	1	1
SORBS3	FAM57A	1	1	1	1
SORBS3	INPP1	1	1	1	1
SORBS3	LGALS8	1	1	1	1
SORBS3	LOXL1	1	1	1	1
SORBS3	LRPAP1	1	1	1	1
SORBS3	PPP2R5A	1	1	1	1
SORBS3	PRKACA	1	1	1	1
SORBS3	PYGL	1	1	1	1
SORBS3	RNPS1	1	1	1	1
SORBS3	RRS1	1	1	1	1
SORBS3	SENP6	1	1	1	1
SORBS3	STAP2	1	1	1	1
SORBS3	TCTA	1	1	1	1
SORBS3	TPD52L2	1	1	1	1
SORBS3	UBR7	1	1	1	1
SORBS3	UFM1	1	1	1	1
SORBS3	USP22	1	1	1	1
SOX4	ABCC5	1	1	1	1
SOX4	AKAP8L	1	1	1	1
SOX4	BPHL	1	1	1	1
SOX4	COG7	1	1	1	1
SOX4	CREB1	1	1	1	1
SOX4	DERA	1	1	1	1
SOX4	FBXO21	1	1	1	1
SOX4	HDAC6	1	1	1	1
SOX4	KDM5B	1	1	1	1
SOX4	KIT	1	1	1	1
SOX4	LAP3	1	1	1	1
SOX4	MTFR1	1	1	1	1
SOX4	NCOA3	1	1	1	1
SOX4	NET1	1	1	1	1
SOX4	NPC1	1	1	1	1
SOX4	POLB	1	1	1	1
SOX4	PUF60	1	1	1	1
SOX4	TARBP1	1	1	1	1
SOX4	TFAP2A	1	1	1	1
SOX4	TIMELESS	1	1	1	1
SPAG4	B3GNT1	1	1	1	1
SPAG4	CAST	1	1	1	1
SPAG4	CCNA2	1	1	1	1
SPAG4	DDIT4	1	1	1	1
SPAG4	DDX42	1	1	1	1
SPAG4	DNAJB2	1	1	1	1
SPAG4	GPATCH8	1	1	1	1
SPAG4	HSD17B11	1	1	1	1
SPAG4	ICAM3	1	1	1	1
SPAG4	KAT6A	1	1	1	1
SPAG4	LIPA	1	1	1	1
SPAG4	NR2F6	1	1	1	1
SPAG4	STAP2	1	1	1	1
SPAG4	STXBP1	1	1	1	1
SPAG4	TRIM13	1	1	1	1
SPAG7	ACLY	1	1	1	1
SPAG7	CD97	1	1	1	1
SPAG7	DNAJB2	1	1	1	1
SPAG7	EBNA1BP2	1	1	1	1
SPAG7	ELAC2	1	1	1	1
SPAG7	FOXJ3	1	1	1	1
SPAG7	GTF2E2	1	1	1	1
SPAG7	HOMER2	1	1	1	1
SPAG7	KIAA1033	1	1	1	1
SPAG7	LAP3	1	1	1	1
SPAG7	MAPK9	1	1	1	1
SPAG7	SCYL3	1	1	1	1
SPAG7	SMC3	1	1	1	1
SPDEF	ABCC5	1	1	1	1
SPDEF	ADAT1	1	1	1	1
SPDEF	BIRC5	1	1	1	1
SPDEF	CLTB	1	1	1	1
SPDEF	DNMT1	1	1	1	1
SPDEF	ECH1	1	1	1	1
SPDEF	FEZ2	1	1	1	1
SPDEF	GAPDH	1	1	1	1
SPDEF	GLRX	1	1	1	1
SPDEF	GPC1	1	1	1	1
SPDEF	HMGCR	1	1	1	1
SPDEF	KDELR2	1	1	1	1
SPDEF	P4HTM	1	1	1	1
SPDEF	SPAG7	1	1	1	1
SPDEF	STAT1	1	1	1	1
SPDEF	TSPAN6	1	1	1	1
SPDEF	TSTA3	1	1	1	1
SPDEF	XPO7	1	1	1	1
SPDEF	YTHDF1	1	1	1	1
SPEN	AARS	1	1	1	1
SPEN	ARID4B	1	1	1	1
SPEN	CCDC92	1	1	1	1
SPEN	DDR1	1	1	1	1
SPEN	DNM1	1	1	1	1
SPEN	DYRK3	1	1	1	1
SPEN	FASTKD5	1	1	1	1
SPEN	PAK4	1	1	1	1
SPEN	PCBD1	1	1	1	1
SPEN	SLC35B1	1	1	1	1
SPEN	STAP2	1	1	1	1
SPR	CAST	1	1	1	1
SPR	DNAJC15	1	1	1	1
SPR	EPB41L2	1	1	1	1
SPR	ERBB3	1	1	1	1
SPR	GDPD5	1	1	1	1
SPR	KAT6A	1	1	1	1
SPR	PCMT1	1	1	1	1
SPR	SMNDC1	1	1	1	1
SPR	SSBP2	1	1	1	1
SPR	WRB	1	1	1	1
SPR	ZNF131	1	1	1	1
SPRED2	ATP6V1D	1	1	1	1
SPRED2	CASP3	1	1	1	1
SPRED2	CBR1	1	1	1	1
SPRED2	CYB561	1	1	1	1
SPRED2	ELAC2	1	1	1	1
SPRED2	ETFB	1	1	1	1
SPRED2	FBXL12	1	1	1	1
SPRED2	GNB5	1	1	1	1
SPRED2	HOXA5	1	1	1	1
SPRED2	HSPA4	1	1	1	1
SPRED2	KLHL21	1	1	1	1
SPRED2	LSR	1	1	1	1
SPRED2	LYRM1	1	1	1	1
SPRED2	MRPS16	1	1	1	1
SPRED2	ORC1	1	1	1	1
SPRED2	PAFAH1B3	1	1	1	1
SPRED2	RAD51C	1	1	1	1
SPRED2	SMC3	1	1	1	1
SPRED2	SMC4	1	1	1	1
SPRED2	TRIM2	1	1	1	1
SPRED2	TXLNA	1	1	1	1
SPRED2	UTP14A	1	1	1	1
SPRED2	ZFP36	1	1	1	1
SPTLC2	ASCC3	1	1	1	1
SPTLC2	CDCA4	1	1	1	1
SPTLC2	CORO1A	1	1	1	1
SPTLC2	EIF5	1	1	1	1
SPTLC2	HDAC2	1	1	1	1
SPTLC2	INPP4B	1	1	1	1
SPTLC2	LGMN	1	1	1	1
SPTLC2	RAB11FIP2	1	1	1	1
SPTLC2	WDTC1	1	1	1	1
SQRDL	CAST	1	1	1	1
SQRDL	CHN1	1	1	1	1
SQRDL	FBXL12	1	1	1	1
SQRDL	GDPD5	1	1	1	1
SQRDL	MACF1	1	1	1	1
SQRDL	TCTN1	1	1	1	1
SQRDL	UBE2C	1	1	1	1
SQRDL	USP1	1	1	1	1
SSBP2	ABL1	1	1	1	1
SSBP2	ANKRD10	1	1	1	1
SSBP2	ATP2C1	1	1	1	1
SSBP2	CCDC85B	1	1	1	1
SSBP2	CCNF	1	1	1	1
SSBP2	CERK	1	1	1	1
SSBP2	CTSD	1	1	1	1
SSBP2	DHX29	1	1	1	1
SSBP2	GALE	1	1	1	1
SSBP2	GPC1	1	1	1	1
SSBP2	HMG20B	1	1	1	1
SSBP2	KLHDC2	1	1	1	1
SSBP2	RFC5	1	1	1	1
SSBP2	RFNG	1	1	1	1
SSBP2	SCCPDH	1	1	1	1
SSBP2	USP7	1	1	1	1
ST3GAL5	ADH5	1	1	1	1
ST3GAL5	ASCC3	1	1	1	1
ST3GAL5	BACE2	1	1	1	1
ST3GAL5	CDK1	1	1	1	1
ST3GAL5	CENPE	1	1	1	1
ST3GAL5	DNAJA3	1	1	1	1
ST3GAL5	ERBB2	1	1	1	1
ST3GAL5	EZH2	1	1	1	1
ST3GAL5	FAH	1	1	1	1
ST3GAL5	FBXO21	1	1	1	1
ST3GAL5	IQGAP1	1	1	1	1
ST3GAL5	KDM5A	1	1	1	1
ST3GAL5	KIAA0753	1	1	1	1
ST3GAL5	MTF2	1	1	1	1
ST3GAL5	NFE2L2	1	1	1	1
ST3GAL5	NVL	1	1	1	1
ST3GAL5	PMM2	1	1	1	1
ST3GAL5	PTPLAD1	1	1	1	1
ST3GAL5	RBKS	1	1	1	1
ST3GAL5	RELB	1	1	1	1
ST3GAL5	SCRN1	1	1	1	1
ST3GAL5	SMARCA4	1	1	1	1
ST3GAL5	TRAP1	1	1	1	1
ST6GALNAC2	ACBD3	1	1	1	1
ST6GALNAC2	ANO10	1	1	1	1
ST6GALNAC2	ATP1B1	1	1	1	1
ST6GALNAC2	CFLAR	1	1	1	1
ST6GALNAC2	DNAJB1	1	1	1	1
ST6GALNAC2	EBNA1BP2	1	1	1	1
ST6GALNAC2	FAM57A	1	1	1	1
ST6GALNAC2	GADD45A	1	1	1	1
ST6GALNAC2	KIAA0907	1	1	1	1
ST6GALNAC2	MAPK9	1	1	1	1
ST6GALNAC2	NPC1	1	1	1	1
ST6GALNAC2	PAK4	1	1	1	1
ST6GALNAC2	PLOD3	1	1	1	1
ST6GALNAC2	PRKACA	1	1	1	1
ST6GALNAC2	PTPRF	1	1	1	1
ST6GALNAC2	RFNG	1	1	1	1
ST6GALNAC2	SPEN	1	1	1	1
ST6GALNAC2	TLE1	1	1	1	1
ST6GALNAC2	TRAPPC3	1	1	1	1
ST6GALNAC2	WASF3	1	1	1	1
ST7	ADH5	1	1	1	1
ST7	CD44	1	1	1	1
ST7	COASY	1	1	1	1
ST7	DHDDS	1	1	1	1
ST7	EDEM1	1	1	1	1
ST7	GMNN	1	1	1	1
ST7	GNAS	1	1	1	1
ST7	PAFAH1B3	1	1	1	1
ST7	PAX8	1	1	1	1
ST7	POLE2	1	1	1	1
ST7	PRKCD	1	1	1	1
ST7	PRR7	1	1	1	1
ST7	RELB	1	1	1	1
ST7	RTN2	1	1	1	1
ST7	SFN	1	1	1	1
ST7	SYNE2	1	1	1	1
STAMBP	ARID5B	1	1	1	1
STAMBP	BCL2	1	1	1	1
STAMBP	CASK	1	1	1	1
STAMBP	CETN3	1	1	1	1
STAMBP	CSNK2A2	1	1	1	1
STAMBP	DRAP1	1	1	1	1
STAMBP	EPB41L2	1	1	1	1
STAMBP	GNPDA1	1	1	1	1
STAMBP	ICMT	1	1	1	1
STAMBP	IPO13	1	1	1	1
STAMBP	KDM3A	1	1	1	1
STAMBP	KTN1	1	1	1	1
STAMBP	LBR	1	1	1	1
STAMBP	LGALS8	1	1	1	1
STAMBP	LYN	1	1	1	1
STAMBP	MACF1	1	1	1	1
STAMBP	MAMLD1	1	1	1	1
STAMBP	MAPK9	1	1	1	1
STAMBP	MLLT11	1	1	1	1
STAMBP	MRPS16	1	1	1	1
STAMBP	PEX11A	1	1	1	1
STAMBP	PRKCD	1	1	1	1
STAMBP	PXN	1	1	1	1
STAMBP	SENP6	1	1	1	1
STAMBP	SMAD3	1	1	1	1
STAMBP	SMC4	1	1	1	1
STAMBP	STMN1	1	1	1	1
STAMBP	TSKU	1	1	1	1
STAMBP	ZNF274	1	1	1	1
STAP2	ACBD3	1	1	1	1
STAP2	B3GNT1	1	1	1	1
STAP2	CHIC2	1	1	1	1
STAP2	ERBB3	1	1	1	1
STAP2	HEATR1	1	1	1	1
STAP2	ILK	1	1	1	1
STAP2	PHGDH	1	1	1	1
STAP2	PPARG	1	1	1	1
STAP2	TSC22D3	1	1	1	1
STAP2	ZMIZ1	1	1	1	1
STAT1	BACE2	1	1	1	1
STAT1	BZW2	1	1	1	1
STAT1	CD58	1	1	1	1
STAT1	CERK	1	1	1	1
STAT1	CFLAR	1	1	1	1
STAT1	COASY	1	1	1	1
STAT1	CXCR4	1	1	1	1
STAT1	DNM1	1	1	1	1
STAT1	ECH1	1	1	1	1
STAT1	ETFB	1	1	1	1
STAT1	EZH2	1	1	1	1
STAT1	FEZ2	1	1	1	1
STAT1	ICMT	1	1	1	1
STAT1	IKBKB	1	1	1	1
STAT1	JUN	1	1	1	1
STAT1	MACF1	1	1	1	1
STAT1	MAPK1IP1L	1	1	1	1
STAT1	NR3C1	1	1	1	1
STAT1	S100A4	1	1	1	1
STAT1	SUPV3L1	1	1	1	1
STAT1	TNIP1	1	1	1	1
STK10	ADO	1	1	1	1
STK10	AKAP8L	1	1	1	1
STK10	CDC45	1	1	1	1
STK10	DDR1	1	1	1	1
STK10	DNAJB6	1	1	1	1
STK10	FUT1	1	1	1	1
STK10	PPP2R3C	1	1	1	1
STK10	PRCP	1	1	1	1
STK10	RAB4A	1	1	1	1
STK10	TCEAL4	1	1	1	1
STK10	YKT6	1	1	1	1
STK10	ZNF318	1	1	1	1
STK25	CANT1	1	1	1	1
STK25	CCNB2	1	1	1	1
STK25	DNM1	1	1	1	1
STK25	FAM20B	1	1	1	1
STK25	NUP93	1	1	1	1
STK25	PDS5A	1	1	1	1
STK25	RRAGA	1	1	1	1
STK25	RRS1	1	1	1	1
STK25	TFAP2A	1	1	1	1
STK25	UGDH	1	1	1	1
STK25	VAV3	1	1	1	1
STK25	YTHDF1	1	1	1	1
STMN1	CANT1	1	1	1	1
STMN1	CDCA4	1	1	1	1
STMN1	CETN3	1	1	1	1
STMN1	CTSD	1	1	1	1
STMN1	DDB2	1	1	1	1
STMN1	DPH2	1	1	1	1
STMN1	DRAP1	1	1	1	1
STMN1	DSG2	1	1	1	1
STMN1	FKBP4	1	1	1	1
STMN1	FOS	1	1	1	1
STMN1	HDAC6	1	1	1	1
STMN1	IL13RA1	1	1	1	1
STMN1	INPP4B	1	1	1	1
STMN1	KDM3A	1	1	1	1
STMN1	KIT	1	1	1	1
STMN1	NR3C1	1	1	1	1
STMN1	POLE2	1	1	1	1
STMN1	SQRDL	1	1	1	1
STMN1	TMED10	1	1	1	1
STMN1	TUBB6	1	1	1	1
STUB1	ACBD3	1	1	1	1
STUB1	ADCK3	1	1	1	1
STUB1	AURKB	1	1	1	1
STUB1	CD97	1	1	1	1
STUB1	CETN3	1	1	1	1
STUB1	CIAPIN1	1	1	1	1
STUB1	DCUN1D4	1	1	1	1
STUB1	HK1	1	1	1	1
STUB1	LSR	1	1	1	1
STUB1	NCAPD2	1	1	1	1
STUB1	NENF	1	1	1	1
STUB1	POLD4	1	1	1	1
STUB1	RBKS	1	1	1	1
STUB1	SHB	1	1	1	1
STUB1	SKIV2L	1	1	1	1
STUB1	SLC2A6	1	1	1	1
STUB1	SMC3	1	1	1	1
STUB1	STK25	1	1	1	1
STUB1	TMED10	1	1	1	1
STUB1	XPO7	1	1	1	1
STUB1	YKT6	1	1	1	1
STX1A	AKAP8	1	1	1	1
STX1A	BIRC5	1	1	1	1
STX1A	CASC3	1	1	1	1
STX1A	DNMT1	1	1	1	1
STX1A	ECD	1	1	1	1
STX1A	EML3	1	1	1	1
STX1A	EPB41L2	1	1	1	1
STX1A	KDM5A	1	1	1	1
STX1A	LPAR2	1	1	1	1
STX1A	ME2	1	1	1	1
STX1A	PIK3C2B	1	1	1	1
STX1A	PRUNE	1	1	1	1
STX1A	RAB21	1	1	1	1
STX1A	TBC1D9B	1	1	1	1
STX1A	TRAPPC6A	1	1	1	1
STX1A	VAV3	1	1	1	1
STX1A	VPS28	1	1	1	1
STX4	ABCC5	1	1	1	1
STX4	AKR7A2	1	1	1	1
STX4	CD44	1	1	1	1
STX4	CSNK2A2	1	1	1	1
STX4	EBP	1	1	1	1
STX4	GLRX	1	1	1	1
STX4	GTPBP8	1	1	1	1
STX4	INTS3	1	1	1	1
STX4	IQGAP1	1	1	1	1
STX4	KCTD5	1	1	1	1
STX4	LSM5	1	1	1	1
STX4	MLEC	1	1	1	1
STX4	NR2F6	1	1	1	1
STX4	POP4	1	1	1	1
STX4	PRKCD	1	1	1	1
STX4	PTPRF	1	1	1	1
STX4	RRS1	1	1	1	1
STX4	SLC35F2	1	1	1	1
STX4	SMARCA4	1	1	1	1
STX4	SSBP2	1	1	1	1
STX4	TCTN1	1	1	1	1
STX4	TLE1	1	1	1	1
STX4	VAV3	1	1	1	1
STX4	ZFP36	1	1	1	1
STXBP1	DCUN1D4	1	1	1	1
STXBP1	FIS1	1	1	1	1
STXBP1	HSD17B11	1	1	1	1
STXBP1	KCTD5	1	1	1	1
STXBP1	KDM5A	1	1	1	1
STXBP1	RFNG	1	1	1	1
STXBP1	RUVBL1	1	1	1	1
STXBP1	TRAP1	1	1	1	1
STXBP1	USP7	1	1	1	1
STXBP2	ABCC5	1	1	1	1
STXBP2	ATP11B	1	1	1	1
STXBP2	AURKA	1	1	1	1
STXBP2	BUB1B	1	1	1	1
STXBP2	CBR1	1	1	1	1
STXBP2	CERK	1	1	1	1
STXBP2	EML3	1	1	1	1
STXBP2	EZH2	1	1	1	1
STXBP2	FAH	1	1	1	1
STXBP2	GNAI2	1	1	1	1
STXBP2	GPC1	1	1	1	1
STXBP2	IKBKAP	1	1	1	1
STXBP2	KDELR2	1	1	1	1
STXBP2	NFIL3	1	1	1	1
STXBP2	P4HA2	1	1	1	1
STXBP2	P4HTM	1	1	1	1
STXBP2	PDIA5	1	1	1	1
STXBP2	PDLIM1	1	1	1	1
STXBP2	POLD4	1	1	1	1
STXBP2	SLC35B1	1	1	1	1
STXBP2	SMARCC1	1	1	1	1
STXBP2	TERF2IP	1	1	1	1
STXBP2	TIMP2	1	1	1	1
STXBP2	UFM1	1	1	1	1
STXBP2	ZNF586	1	1	1	1
STXBP2	ZW10	1	1	1	1
SUPV3L1	COG4	1	1	1	1
SUPV3L1	CSNK2A2	1	1	1	1
SUPV3L1	DDIT4	1	1	1	1
SUPV3L1	FKBP14	1	1	1	1
SUPV3L1	GNAI2	1	1	1	1
SUPV3L1	HMGCS1	1	1	1	1
SUPV3L1	KCTD5	1	1	1	1
SUPV3L1	KTN1	1	1	1	1
SUPV3L1	LOXL1	1	1	1	1
SUPV3L1	LYPLA1	1	1	1	1
SUPV3L1	NENF	1	1	1	1
SUPV3L1	OXA1L	1	1	1	1
SUPV3L1	RNPS1	1	1	1	1
SUPV3L1	S100A4	1	1	1	1
SUPV3L1	SKIV2L	1	1	1	1
SUPV3L1	STMN1	1	1	1	1
SUPV3L1	TOR1A	1	1	1	1
SUPV3L1	UBR7	1	1	1	1
SUPV3L1	WFS1	1	1	1	1
SUPV3L1	XPO7	1	1	1	1
SYNE2	ADI1	1	1	1	1
SYNE2	AURKB	1	1	1	1
SYNE2	CAMSAP2	1	1	1	1
SYNE2	CENPE	1	1	1	1
SYNE2	COG4	1	1	1	1
SYNE2	DNAJB2	1	1	1	1
SYNE2	FAM20B	1	1	1	1
SYNE2	ICAM3	1	1	1	1
SYNE2	IGF1R	1	1	1	1
SYNE2	LRPAP1	1	1	1	1
SYNE2	MCOLN1	1	1	1	1
SYNE2	MELK	1	1	1	1
SYNE2	NNT	1	1	1	1
SYNE2	PCMT1	1	1	1	1
SYNE2	PSIP1	1	1	1	1
SYNE2	RAB11FIP2	1	1	1	1
SYNE2	RGS2	1	1	1	1
SYNE2	SMARCA4	1	1	1	1
SYNE2	SMARCD2	1	1	1	1
SYNE2	TBXA2R	1	1	1	1
SYNE2	TLE1	1	1	1	1
SYNGR3	CD97	1	1	1	1
SYNGR3	CDCA4	1	1	1	1
SYNGR3	GABPB1	1	1	1	1
SYNGR3	LOXL1	1	1	1	1
SYNGR3	LRRC41	1	1	1	1
SYNGR3	MLEC	1	1	1	1
SYNGR3	MSRA	1	1	1	1
SYNGR3	MTHFD2	1	1	1	1
SYNGR3	NUP133	1	1	1	1
SYNGR3	SPDEF	1	1	1	1
SYNGR3	TIPARP	1	1	1	1
SYNGR3	TOP2A	1	1	1	1
SYNGR3	XPNPEP1	1	1	1	1
SYNGR3	ZNF131	1	1	1	1
SYPL1	ARID4B	1	1	1	1
SYPL1	DNAJB6	1	1	1	1
SYPL1	IARS2	1	1	1	1
SYPL1	IKBKE	1	1	1	1
SYPL1	MAST2	1	1	1	1
SYPL1	MCM3	1	1	1	1
SYPL1	NRAS	1	1	1	1
SYPL1	PAK4	1	1	1	1
SYPL1	PDIA5	1	1	1	1
SYPL1	SLC35A3	1	1	1	1
SYPL1	SLC35B1	1	1	1	1
SYPL1	UBE3B	1	1	1	1
SYPL1	UBE3C	1	1	1	1
SYPL1	USP1	1	1	1	1
SYPL1	ZNF274	1	1	1	1
TARBP1	AURKA	1	1	1	1
TARBP1	B3GNT1	1	1	1	1
TARBP1	BLMH	1	1	1	1
TARBP1	CAPN1	1	1	1	1
TARBP1	CEP57	1	1	1	1
TARBP1	DECR1	1	1	1	1
TARBP1	ECH1	1	1	1	1
TARBP1	ELAC2	1	1	1	1
TARBP1	INSIG1	1	1	1	1
TARBP1	LAMA3	1	1	1	1
TARBP1	LRP10	1	1	1	1
TARBP1	NR2F6	1	1	1	1
TARBP1	PAF1	1	1	1	1
TARBP1	RPIA	1	1	1	1
TARBP1	SCAND1	1	1	1	1
TARBP1	SCYL3	1	1	1	1
TARBP1	SNX13	1	1	1	1
TARBP1	SQRDL	1	1	1	1
TARBP1	STAMBP	1	1	1	1
TARBP1	STK10	1	1	1	1
TARBP1	TEX10	1	1	1	1
TARBP1	ZDHHC6	1	1	1	1
TARBP1	ZNF451	1	1	1	1
TATDN2	ANKRD10	1	1	1	1
TATDN2	CHN1	1	1	1	1
TATDN2	COG4	1	1	1	1
TATDN2	DCTD	1	1	1	1
TATDN2	KCNK1	1	1	1	1
TATDN2	LSM5	1	1	1	1
TATDN2	NIT1	1	1	1	1
TATDN2	NRIP1	1	1	1	1
TATDN2	PAX8	1	1	1	1
TATDN2	PRCP	1	1	1	1
TATDN2	RPA2	1	1	1	1
TATDN2	SCYL3	1	1	1	1
TATDN2	TATDN2	1	1	1	1
TATDN2	TM9SF3	1	1	1	1
TATDN2	TOP2A	1	1	1	1
TATDN2	TSKU	1	1	1	1
TATDN2	VAPB	1	1	1	1
TATDN2	ZDHHC6	1	1	1	1
TBC1D9B	ACBD3	1	1	1	1
TBC1D9B	ADH5	1	1	1	1
TBC1D9B	BLMH	1	1	1	1
TBC1D9B	CASC3	1	1	1	1
TBC1D9B	CORO1A	1	1	1	1
TBC1D9B	CTNND1	1	1	1	1
TBC1D9B	ENOSF1	1	1	1	1
TBC1D9B	GNB5	1	1	1	1
TBC1D9B	IKBKE	1	1	1	1
TBC1D9B	MRPL19	1	1	1	1
TBC1D9B	MSRA	1	1	1	1
TBC1D9B	NENF	1	1	1	1
TBC1D9B	PDHX	1	1	1	1
TBC1D9B	PRUNE	1	1	1	1
TBC1D9B	PTPLAD1	1	1	1	1
TBC1D9B	PUF60	1	1	1	1
TBC1D9B	RPN1	1	1	1	1
TBC1D9B	SENP6	1	1	1	1
TBC1D9B	SLC11A2	1	1	1	1
TBC1D9B	SLC35F2	1	1	1	1
TBC1D9B	TARBP1	1	1	1	1
TBPL1	CCNB2	1	1	1	1
TBPL1	CCNF	1	1	1	1
TBPL1	CORO1A	1	1	1	1
TBPL1	CRKL	1	1	1	1
TBPL1	DHDDS	1	1	1	1
TBPL1	GABPB1	1	1	1	1
TBPL1	GPATCH8	1	1	1	1
TBPL1	RBKS	1	1	1	1
TBPL1	RNF167	1	1	1	1
TBPL1	TARBP1	1	1	1	1
TBPL1	TIMM17B	1	1	1	1
TBPL1	UBQLN2	1	1	1	1
TBX2	ATG3	1	1	1	1
TBX2	COG2	1	1	1	1
TBX2	IL13RA1	1	1	1	1
TBX2	MACF1	1	1	1	1
TBX2	MCM3	1	1	1	1
TBX2	PAK4	1	1	1	1
TBX2	PHKB	1	1	1	1
TBX2	SMARCC1	1	1	1	1
TBX2	TSKU	1	1	1	1
TBX2	USP22	1	1	1	1
TBXA2R	ARHGEF2	1	1	1	1
TBXA2R	CBR1	1	1	1	1
TBXA2R	CCNF	1	1	1	1
TBXA2R	CD44	1	1	1	1
TBXA2R	COG4	1	1	1	1
TBXA2R	DHX29	1	1	1	1
TBXA2R	ERBB3	1	1	1	1
TBXA2R	GTPBP8	1	1	1	1
TBXA2R	HK1	1	1	1	1
TBXA2R	KLHL9	1	1	1	1
TBXA2R	LRRC41	1	1	1	1
TBXA2R	PAK4	1	1	1	1
TBXA2R	PCK2	1	1	1	1
TBXA2R	PHKA1	1	1	1	1
TBXA2R	PSRC1	1	1	1	1
TBXA2R	S100A4	1	1	1	1
TBXA2R	ZNF318	1	1	1	1
TCEA2	CAB39	1	1	1	1
TCEA2	FHL2	1	1	1	1
TCEA2	GNB5	1	1	1	1
TCEA2	HOMER2	1	1	1	1
TCEA2	KIT	1	1	1	1
TCEA2	LYRM1	1	1	1	1
TCEA2	PTPN12	1	1	1	1
TCEA2	RPS6KA1	1	1	1	1
TCEA2	RRAGA	1	1	1	1
TCEAL4	ACAA1	1	1	1	1
TCEAL4	AKR7A2	1	1	1	1
TCEAL4	ALAS1	1	1	1	1
TCEAL4	DUSP22	1	1	1	1
TCEAL4	GPR56	1	1	1	1
TCEAL4	IARS2	1	1	1	1
TCEAL4	IDE	1	1	1	1
TCEAL4	IQGAP1	1	1	1	1
TCEAL4	KDM5B	1	1	1	1
TCEAL4	SLC35B1	1	1	1	1
TCEAL4	XPNPEP1	1	1	1	1
TCFL5	CBR1	1	1	1	1
TCFL5	DNTTIP2	1	1	1	1
TCFL5	ECH1	1	1	1	1
TCFL5	GADD45B	1	1	1	1
TCFL5	GLRX	1	1	1	1
TCFL5	KTN1	1	1	1	1
TCFL5	MAPK9	1	1	1	1
TCFL5	NR1H2	1	1	1	1
TCFL5	POLR2I	1	1	1	1
TCFL5	PRKACA	1	1	1	1
TCFL5	RNH1	1	1	1	1
TCFL5	RPA1	1	1	1	1
TCFL5	WFS1	1	1	1	1
TCTA	ADCK3	1	1	1	1
TCTA	ALDOC	1	1	1	1
TCTA	ARID5B	1	1	1	1
TCTA	ATP6V1D	1	1	1	1
TCTA	B3GNT1	1	1	1	1
TCTA	BLVRA	1	1	1	1
TCTA	DNAJB2	1	1	1	1
TCTA	ENOPH1	1	1	1	1
TCTA	FCHO1	1	1	1	1
TCTA	FOXJ3	1	1	1	1
TCTA	ITFG1	1	1	1	1
TCTA	JUN	1	1	1	1
TCTA	KIAA1033	1	1	1	1
TCTA	LAP3	1	1	1	1
TCTA	MAP2K5	1	1	1	1
TCTA	MAPK13	1	1	1	1
TCTA	MLEC	1	1	1	1
TCTA	MPZL1	1	1	1	1
TCTA	NIT1	1	1	1	1
TCTA	NPC1	1	1	1	1
TCTA	PIGB	1	1	1	1
TCTA	RAB11FIP2	1	1	1	1
TCTA	RBKS	1	1	1	1
TCTA	SSBP2	1	1	1	1
TCTA	TCEAL4	1	1	1	1
TCTA	TRAK2	1	1	1	1
TCTA	TRAPPC6A	1	1	1	1
TCTA	YKT6	1	1	1	1
TCTA	ZNF586	1	1	1	1
TCTN1	CLSTN1	1	1	1	1
TCTN1	CRKL	1	1	1	1
TCTN1	CTNND1	1	1	1	1
TCTN1	DDX42	1	1	1	1
TCTN1	DHDDS	1	1	1	1
TCTN1	DHRS7	1	1	1	1
TCTN1	ETFB	1	1	1	1
TCTN1	FAM63A	1	1	1	1
TCTN1	FBXL12	1	1	1	1
TCTN1	GNA11	1	1	1	1
TCTN1	GNAI2	1	1	1	1
TCTN1	GRB10	1	1	1	1
TCTN1	HSD17B11	1	1	1	1
TCTN1	IL13RA1	1	1	1	1
TCTN1	JUN	1	1	1	1
TCTN1	MAP7	1	1	1	1
TCTN1	MLEC	1	1	1	1
TCTN1	MSH6	1	1	1	1
TCTN1	PDLIM1	1	1	1	1
TCTN1	PRKCD	1	1	1	1
TCTN1	PRUNE	1	1	1	1
TCTN1	SQRDL	1	1	1	1
TCTN1	TBXA2R	1	1	1	1
TCTN1	TP53BP2	1	1	1	1
TCTN1	TRIM2	1	1	1	1
TERF2IP	ABL1	1	1	1	1
TERF2IP	DNM1	1	1	1	1
TERF2IP	GRB10	1	1	1	1
TERF2IP	NRAS	1	1	1	1
TERF2IP	OXA1L	1	1	1	1
TERF2IP	P4HTM	1	1	1	1
TERF2IP	POLR1C	1	1	1	1
TERF2IP	PPARG	1	1	1	1
TERF2IP	RAB4A	1	1	1	1
TERF2IP	RPA3	1	1	1	1
TERF2IP	RRAGA	1	1	1	1
TERF2IP	SSBP2	1	1	1	1
TERF2IP	STUB1	1	1	1	1
TERF2IP	TRIM13	1	1	1	1
TERF2IP	TWF2	1	1	1	1
TERF2IP	YME1L1	1	1	1	1
TES	ABL1	1	1	1	1
TES	CASC3	1	1	1	1
TES	CISD1	1	1	1	1
TES	CXCR4	1	1	1	1
TES	DDX42	1	1	1	1
TES	HAT1	1	1	1	1
TES	MAN2B1	1	1	1	1
TES	PRSS23	1	1	1	1
TES	RRP1B	1	1	1	1
TES	TARBP1	1	1	1	1
TES	TOMM34	1	1	1	1
TES	ZNF131	1	1	1	1
TESK1	BPHL	1	1	1	1
TESK1	CHEK2	1	1	1	1
TESK1	FAM69A	1	1	1	1
TESK1	GDPD5	1	1	1	1
TESK1	HIST2H2BE	1	1	1	1
TESK1	KDM5A	1	1	1	1
TESK1	MCOLN1	1	1	1	1
TESK1	PHGDH	1	1	1	1
TESK1	RRS1	1	1	1	1
TESK1	TRAP1	1	1	1	1
TESK1	USP14	1	1	1	1
TEX10	ENOPH1	1	1	1	1
TEX10	EZH2	1	1	1	1
TEX10	FBXO21	1	1	1	1
TEX10	FSD1	1	1	1	1
TEX10	MAPKAPK5	1	1	1	1
TEX10	NIPSNAP1	1	1	1	1
TEX10	NMT1	1	1	1	1
TEX10	PRKACA	1	1	1	1
TEX10	RRP8	1	1	1	1
TEX10	SGCB	1	1	1	1
TEX10	TIMELESS	1	1	1	1
TEX10	TLE1	1	1	1	1
TEX10	USP22	1	1	1	1
TEX10	WASF3	1	1	1	1
TFAP2A	ATP1B1	1	1	1	1
TFAP2A	BIRC5	1	1	1	1
TFAP2A	CAPN1	1	1	1	1
TFAP2A	CCNF	1	1	1	1
TFAP2A	CPNE3	1	1	1	1
TFAP2A	DNAJB2	1	1	1	1
TFAP2A	DNM1	1	1	1	1
TFAP2A	KAT6B	1	1	1	1
TFAP2A	KLHDC2	1	1	1	1
TFAP2A	MTA1	1	1	1	1
TFAP2A	NOL3	1	1	1	1
TFAP2A	RPA2	1	1	1	1
THAP11	APBB2	1	1	1	1
THAP11	ARID4B	1	1	1	1
THAP11	DECR1	1	1	1	1
THAP11	EAPP	1	1	1	1
THAP11	FDFT1	1	1	1	1
THAP11	HOMER2	1	1	1	1
THAP11	LIPA	1	1	1	1
THAP11	MSRA	1	1	1	1
THAP11	SMNDC1	1	1	1	1
THAP11	TIMELESS	1	1	1	1
THAP11	UBE2J1	1	1	1	1
THAP11	USP14	1	1	1	1
TIAM1	BLVRA	1	1	1	1
TIAM1	CAB39	1	1	1	1
TIAM1	CFLAR	1	1	1	1
TIAM1	CHERP	1	1	1	1
TIAM1	CREG1	1	1	1	1
TIAM1	EPB41L2	1	1	1	1
TIAM1	FBXL12	1	1	1	1
TIAM1	GNB5	1	1	1	1
TIAM1	ITGAE	1	1	1	1
TIAM1	MBTPS1	1	1	1	1
TIAM1	MSH6	1	1	1	1
TIAM1	NSDHL	1	1	1	1
TIAM1	POLD4	1	1	1	1
TIAM1	RAD9A	1	1	1	1
TIAM1	RNH1	1	1	1	1
TIAM1	SLC25A13	1	1	1	1
TIAM1	SLC25A46	1	1	1	1
TIAM1	TMCO1	1	1	1	1
TIAM1	TSPAN4	1	1	1	1
TIMELESS	ADH5	1	1	1	1
TIMELESS	AKAP8	1	1	1	1
TIMELESS	BAG3	1	1	1	1
TIMELESS	CFLAR	1	1	1	1
TIMELESS	CPSF4	1	1	1	1
TIMELESS	CTNNAL1	1	1	1	1
TIMELESS	CYB561	1	1	1	1
TIMELESS	EGFR	1	1	1	1
TIMELESS	HDAC2	1	1	1	1
TIMELESS	HPRT1	1	1	1	1
TIMELESS	ILK	1	1	1	1
TIMELESS	KIAA0100	1	1	1	1
TIMELESS	NFE2L2	1	1	1	1
TIMELESS	SCARB1	1	1	1	1
TIMELESS	STK10	1	1	1	1
TIMELESS	TEX10	1	1	1	1
TIMELESS	TPD52L2	1	1	1	1
TIMM17B	ARPP19	1	1	1	1
TIMM17B	AURKA	1	1	1	1
TIMM17B	BAD	1	1	1	1
TIMM17B	BIRC5	1	1	1	1
TIMM17B	CETN3	1	1	1	1
TIMM17B	DHX29	1	1	1	1
TIMM17B	IKBKB	1	1	1	1
TIMM17B	IL4R	1	1	1	1
TIMM17B	MBNL1	1	1	1	1
TIMM17B	PLP2	1	1	1	1
TIMM17B	RBM6	1	1	1	1
TIMM17B	RFC2	1	1	1	1
TIMM17B	SMAD3	1	1	1	1
TIMM17B	STK10	1	1	1	1
TIMM17B	ZNF451	1	1	1	1
TIMM22	ABCF3	1	1	1	1
TIMM22	CCNF	1	1	1	1
TIMM22	DDB2	1	1	1	1
TIMM22	DHX29	1	1	1	1
TIMM22	FKBP4	1	1	1	1
TIMM22	MAPK1IP1L	1	1	1	1
TIMM22	NRIP1	1	1	1	1
TIMM22	PLA2G15	1	1	1	1
TIMM22	RAE1	1	1	1	1
TIMM22	RFC5	1	1	1	1
TIMM22	RNMT	1	1	1	1
TIMM22	STK25	1	1	1	1
TIMM9	ABCC5	1	1	1	1
TIMM9	ATP11B	1	1	1	1
TIMM9	CD58	1	1	1	1
TIMM9	CHEK2	1	1	1	1
TIMM9	CSNK2A2	1	1	1	1
TIMM9	GALE	1	1	1	1
TIMM9	INTS3	1	1	1	1
TIMM9	MTF2	1	1	1	1
TIMM9	PNKP	1	1	1	1
TIMM9	PRR7	1	1	1	1
TIMM9	SMC3	1	1	1	1
TIMM9	TSTA3	1	1	1	1
TIMM9	UBE2C	1	1	1	1
TIMM9	VAV3	1	1	1	1
TIMM9	WFS1	1	1	1	1
TIMP2	ACBD3	1	1	1	1
TIMP2	ADH5	1	1	1	1
TIMP2	CFLAR	1	1	1	1
TIMP2	CLSTN1	1	1	1	1
TIMP2	CRYZ	1	1	1	1
TIMP2	DHX29	1	1	1	1
TIMP2	FBXL12	1	1	1	1
TIMP2	FIS1	1	1	1	1
TIMP2	GAA	1	1	1	1
TIMP2	MTHFD2	1	1	1	1
TIMP2	NOLC1	1	1	1	1
TIMP2	RAB4A	1	1	1	1
TIMP2	RTN2	1	1	1	1
TIMP2	SCAND1	1	1	1	1
TIMP2	SNX7	1	1	1	1
TIMP2	SUPV3L1	1	1	1	1
TIMP2	TCTN1	1	1	1	1
TIMP2	TLE1	1	1	1	1
TIMP2	USP7	1	1	1	1
TIPARP	ABL1	1	1	1	1
TIPARP	CCDC92	1	1	1	1
TIPARP	CD58	1	1	1	1
TIPARP	GRB10	1	1	1	1
TIPARP	GSTZ1	1	1	1	1
TIPARP	MELK	1	1	1	1
TIPARP	RFC2	1	1	1	1
TIPARP	SACM1L	1	1	1	1
TIPARP	SLC35A3	1	1	1	1
TIPARP	SPRED2	1	1	1	1
TIPARP	WIPF2	1	1	1	1
TJP1	CNOT4	1	1	1	1
TJP1	FAM20B	1	1	1	1
TJP1	GMNN	1	1	1	1
TJP1	RTN2	1	1	1	1
TLE1	ABHD6	1	1	1	1
TLE1	BCL2	1	1	1	1
TLE1	CBR1	1	1	1	1
TLE1	CCDC86	1	1	1	1
TLE1	CLIC4	1	1	1	1
TLE1	DCTD	1	1	1	1
TLE1	EML3	1	1	1	1
TLE1	FKBP4	1	1	1	1
TLE1	GABPB1	1	1	1	1
TLE1	GADD45B	1	1	1	1
TLE1	GTF2A2	1	1	1	1
TLE1	HOMER2	1	1	1	1
TLE1	MTA1	1	1	1	1
TLE1	MTF2	1	1	1	1
TLE1	NOLC1	1	1	1	1
TLE1	NPC1	1	1	1	1
TLE1	OXCT1	1	1	1	1
TLE1	POLE2	1	1	1	1
TLE1	POLR2I	1	1	1	1
TLE1	PRKACA	1	1	1	1
TLE1	RNF167	1	1	1	1
TLE1	RNPS1	1	1	1	1
TLE1	SLC25A46	1	1	1	1
TLE1	STK10	1	1	1	1
TLE1	STK25	1	1	1	1
TLE1	STUB1	1	1	1	1
TLE1	TMEM109	1	1	1	1
TLE1	TRAP1	1	1	1	1
TLE1	TSC22D3	1	1	1	1
TLE1	USP6NL	1	1	1	1
TLE1	WIPF2	1	1	1	1
TLE1	YME1L1	1	1	1	1
TM9SF2	ABL1	1	1	1	1
TM9SF2	ARFIP2	1	1	1	1
TM9SF2	ATP11B	1	1	1	1
TM9SF2	DRAP1	1	1	1	1
TM9SF2	FOXO4	1	1	1	1
TM9SF2	GAA	1	1	1	1
TM9SF2	HIST2H2BE	1	1	1	1
TM9SF2	PKIG	1	1	1	1
TM9SF2	SPAG7	1	1	1	1
TM9SF2	TCTA	1	1	1	1
TM9SF3	CGRRF1	1	1	1	1
TM9SF3	CISD1	1	1	1	1
TM9SF3	GAA	1	1	1	1
TM9SF3	HMGCS1	1	1	1	1
TM9SF3	KIAA0355	1	1	1	1
TM9SF3	MAP3K4	1	1	1	1
TM9SF3	MYC	1	1	1	1
TM9SF3	PAFAH1B3	1	1	1	1
TM9SF3	PCM1	1	1	1	1
TM9SF3	POP4	1	1	1	1
TM9SF3	RTN2	1	1	1	1
TM9SF3	TMEM109	1	1	1	1
TM9SF3	USP22	1	1	1	1
TM9SF3	ZNF131	1	1	1	1
TM9SF3	ZW10	1	1	1	1
TMCO1	ADAT1	1	1	1	1
TMCO1	BZW2	1	1	1	1
TMCO1	DCK	1	1	1	1
TMCO1	DRAP1	1	1	1	1
TMCO1	DUSP14	1	1	1	1
TMCO1	FBXO7	1	1	1	1
TMCO1	ITGB1BP1	1	1	1	1
TMCO1	JMJD6	1	1	1	1
TMCO1	LYPLA1	1	1	1	1
TMCO1	MAP4K4	1	1	1	1
TMCO1	MCM3	1	1	1	1
TMCO1	MRPS2	1	1	1	1
TMCO1	TMEM50A	1	1	1	1
TMCO1	TWF2	1	1	1	1
TMCO1	VAV3	1	1	1	1
TMED10	AURKA	1	1	1	1
TMED10	B3GNT1	1	1	1	1
TMED10	DRAP1	1	1	1	1
TMED10	GATA2	1	1	1	1
TMED10	HDAC6	1	1	1	1
TMED10	HK1	1	1	1	1
TMED10	KIAA1033	1	1	1	1
TMED10	KIF2C	1	1	1	1
TMED10	LPAR2	1	1	1	1
TMED10	MAMLD1	1	1	1	1
TMED10	MSRA	1	1	1	1
TMED10	SORBS3	1	1	1	1
TMED10	SPRED2	1	1	1	1
TMED10	TCEAL4	1	1	1	1
TMED10	TIMM9	1	1	1	1
TMED10	TSPAN3	1	1	1	1
TMED10	TSTA3	1	1	1	1
TMED10	UBE2C	1	1	1	1
TMED10	VPS28	1	1	1	1
TMED10	XPNPEP1	1	1	1	1
TMEM109	ATG3	1	1	1	1
TMEM109	CAST	1	1	1	1
TMEM109	CCDC92	1	1	1	1
TMEM109	DDX10	1	1	1	1
TMEM109	DNAJB1	1	1	1	1
TMEM109	EAPP	1	1	1	1
TMEM109	ELAC2	1	1	1	1
TMEM109	ENOPH1	1	1	1	1
TMEM109	GMNN	1	1	1	1
TMEM109	KDM5B	1	1	1	1
TMEM109	MCM3	1	1	1	1
TMEM109	PLSCR1	1	1	1	1
TMEM109	PRUNE	1	1	1	1
TMEM109	RAB31	1	1	1	1
TMEM109	TIAM1	1	1	1	1
TMEM2	ANXA7	1	1	1	1
TMEM2	CAPN1	1	1	1	1
TMEM2	CEBPZ	1	1	1	1
TMEM2	CNDP2	1	1	1	1
TMEM2	EBNA1BP2	1	1	1	1
TMEM2	ENOSF1	1	1	1	1
TMEM2	FAIM	1	1	1	1
TMEM2	FOXJ3	1	1	1	1
TMEM2	MAPK9	1	1	1	1
TMEM2	MYO10	1	1	1	1
TMEM2	PCBD1	1	1	1	1
TMEM2	STK25	1	1	1	1
TMEM2	UFM1	1	1	1	1
TMEM2	VPS28	1	1	1	1
TMEM5	ATP6V1D	1	1	1	1
TMEM5	CEBPZ	1	1	1	1
TMEM5	CTNND1	1	1	1	1
TMEM5	DENND2D	1	1	1	1
TMEM5	DLD	1	1	1	1
TMEM5	GPC1	1	1	1	1
TMEM5	LYN	1	1	1	1
TMEM5	NOLC1	1	1	1	1
TMEM5	NR1H2	1	1	1	1
TMEM5	PDIA5	1	1	1	1
TMEM5	PHKB	1	1	1	1
TMEM5	PIGB	1	1	1	1
TMEM5	PNKP	1	1	1	1
TMEM5	RRP8	1	1	1	1
TMEM5	TM9SF2	1	1	1	1
TMEM5	TRAP1	1	1	1	1
TMEM5	TWF2	1	1	1	1
TMEM5	UBE2L6	1	1	1	1
TMEM5	ZFP36	1	1	1	1
TMEM5	ZNF395	1	1	1	1
TMEM50A	ABCF1	1	1	1	1
TMEM50A	ARHGAP1	1	1	1	1
TMEM50A	CAB39	1	1	1	1
TMEM50A	CCNA2	1	1	1	1
TMEM50A	CTSD	1	1	1	1
TMEM50A	DNM1	1	1	1	1
TMEM50A	ELAVL1	1	1	1	1
TMEM50A	HIST2H2BE	1	1	1	1
TMEM50A	MBTPS1	1	1	1	1
TMEM50A	NOLC1	1	1	1	1
TMEM50A	ORC1	1	1	1	1
TMEM50A	RPA2	1	1	1	1
TMEM50A	TIMP2	1	1	1	1
TMEM50A	TM9SF3	1	1	1	1
TMEM97	ACOT9	1	1	1	1
TMEM97	CDH3	1	1	1	1
TMEM97	CHERP	1	1	1	1
TMEM97	CNPY3	1	1	1	1
TMEM97	CREG1	1	1	1	1
TMEM97	DDIT4	1	1	1	1
TMEM97	DECR1	1	1	1	1
TMEM97	DRAP1	1	1	1	1
TMEM97	EBNA1BP2	1	1	1	1
TMEM97	ENOPH1	1	1	1	1
TMEM97	ETFB	1	1	1	1
TMEM97	EZH2	1	1	1	1
TMEM97	FBXO7	1	1	1	1
TMEM97	FEZ2	1	1	1	1
TMEM97	HSD17B11	1	1	1	1
TMEM97	IL13RA1	1	1	1	1
TMEM97	KDM5A	1	1	1	1
TMEM97	LRPAP1	1	1	1	1
TMEM97	MAPK1IP1L	1	1	1	1
TMEM97	MSRA	1	1	1	1
TMEM97	MTA1	1	1	1	1
TMEM97	NUDT9	1	1	1	1
TMEM97	PAFAH1B3	1	1	1	1
TMEM97	PCMT1	1	1	1	1
TMEM97	PECR	1	1	1	1
TMEM97	ST7	1	1	1	1
TMEM97	STK25	1	1	1	1
TMEM97	TCEAL4	1	1	1	1
TMEM97	USP6NL	1	1	1	1
TMEM97	ZMIZ1	1	1	1	1
TNFRSF21	ANO10	1	1	1	1
TNFRSF21	CIRBP	1	1	1	1
TNFRSF21	DUSP11	1	1	1	1
TNFRSF21	FAH	1	1	1	1
TNFRSF21	GSTZ1	1	1	1	1
TNFRSF21	HK1	1	1	1	1
TNFRSF21	HSD17B11	1	1	1	1
TNFRSF21	PAFAH1B3	1	1	1	1
TNFRSF21	SCARB1	1	1	1	1
TNFRSF21	SCYL3	1	1	1	1
TNFRSF21	SPRED2	1	1	1	1
TNFRSF21	STX4	1	1	1	1
TNIP1	ACOT9	1	1	1	1
TNIP1	ADO	1	1	1	1
TNIP1	ASCC3	1	1	1	1
TNIP1	BLMH	1	1	1	1
TNIP1	BUB1B	1	1	1	1
TNIP1	CALU	1	1	1	1
TNIP1	DYNLT3	1	1	1	1
TNIP1	GNPDA1	1	1	1	1
TNIP1	GRWD1	1	1	1	1
TNIP1	HEBP1	1	1	1	1
TNIP1	IKBKB	1	1	1	1
TNIP1	INPP4B	1	1	1	1
TNIP1	MAPKAPK5	1	1	1	1
TNIP1	PAF1	1	1	1	1
TNIP1	PNKP	1	1	1	1
TNIP1	PYGL	1	1	1	1
TNIP1	SH3BP5	1	1	1	1
TNIP1	SLC35B1	1	1	1	1
TNIP1	SORBS3	1	1	1	1
TNIP1	STUB1	1	1	1	1
TNIP1	TRAM2	1	1	1	1
TOMM34	ARL4C	1	1	1	1
TOMM34	BCL2	1	1	1	1
TOMM34	CD97	1	1	1	1
TOMM34	ELAVL1	1	1	1	1
TOMM34	HN1L	1	1	1	1
TOMM34	IKBKE	1	1	1	1
TOMM34	IPO13	1	1	1	1
TOMM34	LSR	1	1	1	1
TOMM34	MAPKAPK3	1	1	1	1
TOMM34	MTFR1	1	1	1	1
TOMM34	PAN2	1	1	1	1
TOMM34	PCMT1	1	1	1	1
TOMM34	PDHX	1	1	1	1
TOMM34	PIN1	1	1	1	1
TOMM34	PLSCR1	1	1	1	1
TOMM34	PRKACA	1	1	1	1
TOMM34	PRUNE	1	1	1	1
TOMM34	PUF60	1	1	1	1
TOMM34	PYCR1	1	1	1	1
TOMM34	SCARB1	1	1	1	1
TOMM34	SCYL3	1	1	1	1
TOMM34	SMC1A	1	1	1	1
TOMM34	SYPL1	1	1	1	1
TOMM34	TRIM13	1	1	1	1
TOMM34	TSTA3	1	1	1	1
TOMM34	UBE2C	1	1	1	1
TOMM70A	ABCC5	1	1	1	1
TOMM70A	CALU	1	1	1	1
TOMM70A	CD44	1	1	1	1
TOMM70A	CHEK2	1	1	1	1
TOMM70A	CIAPIN1	1	1	1	1
TOMM70A	CXCR4	1	1	1	1
TOMM70A	DNAJB1	1	1	1	1
TOMM70A	DUSP14	1	1	1	1
TOMM70A	EBP	1	1	1	1
TOMM70A	EIF5	1	1	1	1
TOMM70A	EML3	1	1	1	1
TOMM70A	FAM69A	1	1	1	1
TOMM70A	MAMLD1	1	1	1	1
TOMM70A	PLSCR1	1	1	1	1
TOMM70A	PPIC	1	1	1	1
TOMM70A	RAD51C	1	1	1	1
TOMM70A	TIMM9	1	1	1	1
TOMM70A	UBE2J1	1	1	1	1
TOMM70A	WIPF2	1	1	1	1
TOMM70A	YKT6	1	1	1	1
TOP2A	ACLY	1	1	1	1
TOP2A	CD58	1	1	1	1
TOP2A	CDC45	1	1	1	1
TOP2A	CDCA4	1	1	1	1
TOP2A	CIRBP	1	1	1	1
TOP2A	CPSF4	1	1	1	1
TOP2A	EBP	1	1	1	1
TOP2A	FASTKD5	1	1	1	1
TOP2A	GFOD1	1	1	1	1
TOP2A	LGMN	1	1	1	1
TOP2A	MBNL1	1	1	1	1
TOP2A	MLEC	1	1	1	1
TOP2A	OXCT1	1	1	1	1
TOP2A	PHKB	1	1	1	1
TOP2A	SLC27A3	1	1	1	1
TOP2A	SLC35B1	1	1	1	1
TOP2A	STUB1	1	1	1	1
TOP2A	TERF2IP	1	1	1	1
TOP2A	TMEM2	1	1	1	1
TOP2A	TP53BP1	1	1	1	1
TOP2A	TRIM13	1	1	1	1
TOP2A	TSC22D3	1	1	1	1
TOP2A	USP14	1	1	1	1
TOP2A	VPS28	1	1	1	1
TOP2A	WASF3	1	1	1	1
TOPBP1	AKAP8	1	1	1	1
TOPBP1	ANKRD10	1	1	1	1
TOPBP1	ARPP19	1	1	1	1
TOPBP1	CENPE	1	1	1	1
TOPBP1	COG7	1	1	1	1
TOPBP1	DCK	1	1	1	1
TOPBP1	GABPB1	1	1	1	1
TOPBP1	GPATCH8	1	1	1	1
TOPBP1	HDAC2	1	1	1	1
TOPBP1	HDAC6	1	1	1	1
TOPBP1	IKBKAP	1	1	1	1
TOPBP1	LAMA3	1	1	1	1
TOPBP1	LRP10	1	1	1	1
TOPBP1	LRRC16A	1	1	1	1
TOPBP1	PIN1	1	1	1	1
TOPBP1	PRSS23	1	1	1	1
TOPBP1	PRUNE	1	1	1	1
TOPBP1	RAB21	1	1	1	1
TOPBP1	SPEN	1	1	1	1
TOPBP1	SSBP2	1	1	1	1
TOPBP1	THAP11	1	1	1	1
TOPBP1	UBE3B	1	1	1	1
TOR1A	ACAT2	1	1	1	1
TOR1A	BLVRA	1	1	1	1
TOR1A	CFLAR	1	1	1	1
TOR1A	CORO1A	1	1	1	1
TOR1A	GABPB1	1	1	1	1
TOR1A	HES1	1	1	1	1
TOR1A	KIAA0753	1	1	1	1
TOR1A	MAPKAPK5	1	1	1	1
TOR1A	NRIP1	1	1	1	1
TOR1A	NUDT9	1	1	1	1
TOR1A	PLSCR1	1	1	1	1
TOR1A	PPIE	1	1	1	1
TOR1A	RNF167	1	1	1	1
TOR1A	SCARB1	1	1	1	1
TOR1A	SCYL3	1	1	1	1
TP53BP1	BIRC5	1	1	1	1
TP53BP1	DENND2D	1	1	1	1
TP53BP1	DNAJB2	1	1	1	1
TP53BP1	FAM63A	1	1	1	1
TP53BP1	GNA11	1	1	1	1
TP53BP1	HOXA5	1	1	1	1
TP53BP1	IER3	1	1	1	1
TP53BP1	IQGAP1	1	1	1	1
TP53BP1	MAPK9	1	1	1	1
TP53BP1	PAFAH1B3	1	1	1	1
TP53BP1	RTN2	1	1	1	1
TP53BP1	SMARCD2	1	1	1	1
TP53BP1	SOCS2	1	1	1	1
TP53BP1	SYPL1	1	1	1	1
TP53BP1	ZFP36	1	1	1	1
TP53BP2	BNIP3	1	1	1	1
TP53BP2	CORO1A	1	1	1	1
TP53BP2	CTNNAL1	1	1	1	1
TP53BP2	DCTD	1	1	1	1
TP53BP2	DHDDS	1	1	1	1
TP53BP2	DLD	1	1	1	1
TP53BP2	DNAJB2	1	1	1	1
TP53BP2	HADH	1	1	1	1
TP53BP2	PACSIN3	1	1	1	1
TP53BP2	PCMT1	1	1	1	1
TP53BP2	PPIE	1	1	1	1
TP53BP2	RBKS	1	1	1	1
TP53BP2	TBPL1	1	1	1	1
TPD52L2	ABHD4	1	1	1	1
TPD52L2	CCDC86	1	1	1	1
TPD52L2	CCNF	1	1	1	1
TPD52L2	CIRBP	1	1	1	1
TPD52L2	COPB2	1	1	1	1
TPD52L2	CREG1	1	1	1	1
TPD52L2	DNAJB6	1	1	1	1
TPD52L2	ENOSF1	1	1	1	1
TPD52L2	FAT1	1	1	1	1
TPD52L2	FBXO21	1	1	1	1
TPD52L2	FKBP14	1	1	1	1
TPD52L2	FOS	1	1	1	1
TPD52L2	HYOU1	1	1	1	1
TPD52L2	MAMLD1	1	1	1	1
TPD52L2	NMT1	1	1	1	1
TPD52L2	NUP93	1	1	1	1
TPD52L2	PAF1	1	1	1	1
TPD52L2	PHKG2	1	1	1	1
TPD52L2	PRUNE	1	1	1	1
TPD52L2	RBM6	1	1	1	1
TPD52L2	RRP12	1	1	1	1
TPD52L2	SLC25A13	1	1	1	1
TPD52L2	SPTLC2	1	1	1	1
TPD52L2	TBXA2R	1	1	1	1
TPD52L2	TMEM109	1	1	1	1
TPD52L2	TRIM2	1	1	1	1
TPD52L2	WFS1	1	1	1	1
TPM1	ADI1	1	1	1	1
TPM1	B3GNT1	1	1	1	1
TPM1	CDK1	1	1	1	1
TPM1	CHERP	1	1	1	1
TPM1	CLIC4	1	1	1	1
TPM1	CNDP2	1	1	1	1
TPM1	ETFB	1	1	1	1
TPM1	FIS1	1	1	1	1
TPM1	GFOD1	1	1	1	1
TPM1	HDAC6	1	1	1	1
TPM1	KIAA1279	1	1	1	1
TPM1	MAPK1IP1L	1	1	1	1
TPM1	MYC	1	1	1	1
TPM1	PLA2G15	1	1	1	1
TPM1	PTPRF	1	1	1	1
TPM1	SLC27A3	1	1	1	1
TPM1	TRAPPC6A	1	1	1	1
TPM1	TSKU	1	1	1	1
TPM1	TXNL4B	1	1	1	1
TPM1	WASF3	1	1	1	1
TPM1	ZNF274	1	1	1	1
TRAK2	ARNT2	1	1	1	1
TRAK2	CHEK2	1	1	1	1
TRAK2	CLIC4	1	1	1	1
TRAK2	DDX42	1	1	1	1
TRAK2	DNAJB2	1	1	1	1
TRAK2	DUSP11	1	1	1	1
TRAK2	FAH	1	1	1	1
TRAK2	FBXL12	1	1	1	1
TRAK2	GRN	1	1	1	1
TRAK2	HK1	1	1	1	1
TRAK2	KIF2C	1	1	1	1
TRAK2	LAGE3	1	1	1	1
TRAK2	MAMLD1	1	1	1	1
TRAK2	NISCH	1	1	1	1
TRAK2	NPC1	1	1	1	1
TRAK2	PAF1	1	1	1	1
TRAK2	PAPD7	1	1	1	1
TRAK2	PRKACA	1	1	1	1
TRAK2	RNH1	1	1	1	1
TRAK2	RUVBL1	1	1	1	1
TRAK2	SGCB	1	1	1	1
TRAK2	SKIV2L	1	1	1	1
TRAK2	TARBP1	1	1	1	1
TRAK2	TRIM13	1	1	1	1
TRAK2	TWF2	1	1	1	1
TRAK2	UBE2C	1	1	1	1
TRAK2	VGLL4	1	1	1	1
TRAK2	ZDHHC6	1	1	1	1
TRAK2	ZNF131	1	1	1	1
TRAM2	ADO	1	1	1	1
TRAM2	ARHGEF2	1	1	1	1
TRAM2	CXCR4	1	1	1	1
TRAM2	DNTTIP2	1	1	1	1
TRAM2	GAPDH	1	1	1	1
TRAM2	GNAS	1	1	1	1
TRAM2	GRWD1	1	1	1	1
TRAM2	KIAA0196	1	1	1	1
TRAM2	MAPK1IP1L	1	1	1	1
TRAM2	MBTPS1	1	1	1	1
TRAM2	PDS5A	1	1	1	1
TRAM2	PRUNE	1	1	1	1
TRAM2	PSMD10	1	1	1	1
TRAM2	PUF60	1	1	1	1
TRAM2	RELB	1	1	1	1
TRAM2	RNF167	1	1	1	1
TRAM2	RNMT	1	1	1	1
TRAM2	TARBP1	1	1	1	1
TRAM2	TRIM2	1	1	1	1
TRAP1	ATP6V0B	1	1	1	1
TRAP1	BIRC5	1	1	1	1
TRAP1	CYTH1	1	1	1	1
TRAP1	DNAJB2	1	1	1	1
TRAP1	ETFB	1	1	1	1
TRAP1	FBXL12	1	1	1	1
TRAP1	FCHO1	1	1	1	1
TRAP1	HMG20B	1	1	1	1
TRAP1	INTS3	1	1	1	1
TRAP1	KDM5A	1	1	1	1
TRAP1	KLHL21	1	1	1	1
TRAP1	MBNL1	1	1	1	1
TRAP1	NIT1	1	1	1	1
TRAP1	NOL3	1	1	1	1
TRAP1	OXA1L	1	1	1	1
TRAP1	POLR1C	1	1	1	1
TRAP1	RAE1	1	1	1	1
TRAP1	RFX5	1	1	1	1
TRAP1	RGS2	1	1	1	1
TRAP1	TIAM1	1	1	1	1
TRAP1	TIMM22	1	1	1	1
TRAP1	TMEM97	1	1	1	1
TRAPPC3	BAD	1	1	1	1
TRAPPC3	FAH	1	1	1	1
TRAPPC3	GRB10	1	1	1	1
TRAPPC3	KIAA0355	1	1	1	1
TRAPPC3	NUP88	1	1	1	1
TRAPPC3	SENP6	1	1	1	1
TRAPPC3	WDTC1	1	1	1	1
TRAPPC6A	AMDHD2	1	1	1	1
TRAPPC6A	CBR3	1	1	1	1
TRAPPC6A	CD97	1	1	1	1
TRAPPC6A	CDH3	1	1	1	1
TRAPPC6A	COPS7A	1	1	1	1
TRAPPC6A	CORO1A	1	1	1	1
TRAPPC6A	DLD	1	1	1	1
TRAPPC6A	ENOSF1	1	1	1	1
TRAPPC6A	FBXO21	1	1	1	1
TRAPPC6A	GADD45A	1	1	1	1
TRAPPC6A	HADH	1	1	1	1
TRAPPC6A	KDM5A	1	1	1	1
TRAPPC6A	MAMLD1	1	1	1	1
TRAPPC6A	PAF1	1	1	1	1
TRAPPC6A	PCCB	1	1	1	1
TRAPPC6A	PYCR1	1	1	1	1
TRAPPC6A	RBM6	1	1	1	1
TRAPPC6A	SFN	1	1	1	1
TRAPPC6A	TBXA2R	1	1	1	1
TRAPPC6A	UBE2C	1	1	1	1
TRAPPC6A	VPS28	1	1	1	1
TRAPPC6A	WFS1	1	1	1	1
TRIB1	B3GNT1	1	1	1	1
TRIB1	BCL7B	1	1	1	1
TRIB1	CHERP	1	1	1	1
TRIB1	HK1	1	1	1	1
TRIB1	RAB11FIP2	1	1	1	1
TRIB1	RAE1	1	1	1	1
TRIB1	TRIB1	1	1	1	1
TRIB3	ADO	1	1	1	1
TRIB3	ARID4B	1	1	1	1
TRIB3	DDX42	1	1	1	1
TRIB3	KAT6A	1	1	1	1
TRIB3	KDELR2	1	1	1	1
TRIB3	LAMA3	1	1	1	1
TRIB3	NRAS	1	1	1	1
TRIB3	OXA1L	1	1	1	1
TRIB3	RBKS	1	1	1	1
TRIB3	SMC1A	1	1	1	1
TRIB3	TM9SF2	1	1	1	1
TRIM13	ACAA1	1	1	1	1
TRIM13	AKAP8	1	1	1	1
TRIM13	ARL4C	1	1	1	1
TRIM13	CANT1	1	1	1	1
TRIM13	CDH3	1	1	1	1
TRIM13	CDK1	1	1	1	1
TRIM13	EDEM1	1	1	1	1
TRIM13	NUP88	1	1	1	1
TRIM13	POLR2I	1	1	1	1
TRIM13	SCYL3	1	1	1	1
TRIM13	SQRDL	1	1	1	1
TRIM13	TNFRSF21	1	1	1	1
TRIM13	TSTA3	1	1	1	1
TRIM13	UBE2A	1	1	1	1
TRIM13	ZMYM2	1	1	1	1
TRIM2	CBR1	1	1	1	1
TRIM2	CEBPZ	1	1	1	1
TRIM2	DNAJA3	1	1	1	1
TRIM2	ENOSF1	1	1	1	1
TRIM2	GATA3	1	1	1	1
TRIM2	HOXA5	1	1	1	1
TRIM2	KDELR2	1	1	1	1
TRIM2	KIF20A	1	1	1	1
TRIM2	SMARCD2	1	1	1	1
TRIM2	TMEM97	1	1	1	1
TRIM2	VGLL4	1	1	1	1
TSC22D3	ABHD4	1	1	1	1
TSC22D3	ARL4C	1	1	1	1
TSC22D3	CERK	1	1	1	1
TSC22D3	GPC1	1	1	1	1
TSC22D3	HDAC2	1	1	1	1
TSC22D3	HYOU1	1	1	1	1
TSC22D3	IGF2R	1	1	1	1
TSC22D3	KDM5A	1	1	1	1
TSC22D3	MICALL1	1	1	1	1
TSC22D3	MRPS16	1	1	1	1
TSC22D3	PAK4	1	1	1	1
TSC22D3	PTPLAD1	1	1	1	1
TSC22D3	RAE1	1	1	1	1
TSC22D3	RBM6	1	1	1	1
TSC22D3	SCAND1	1	1	1	1
TSC22D3	TCTN1	1	1	1	1
TSC22D3	TMEM97	1	1	1	1
TSC22D3	ZNF274	1	1	1	1
TSEN2	BECN1	1	1	1	1
TSEN2	CTNNAL1	1	1	1	1
TSEN2	DCK	1	1	1	1
TSEN2	EBNA1BP2	1	1	1	1
TSEN2	GFOD1	1	1	1	1
TSEN2	KIAA1033	1	1	1	1
TSEN2	MTFR1	1	1	1	1
TSEN2	NCOA3	1	1	1	1
TSEN2	NUCB2	1	1	1	1
TSEN2	PMAIP1	1	1	1	1
TSEN2	PRSS23	1	1	1	1
TSEN2	SLC35B1	1	1	1	1
TSEN2	USP14	1	1	1	1
TSKU	GRWD1	1	1	1	1
TSKU	INTS3	1	1	1	1
TSKU	KLHL9	1	1	1	1
TSKU	PDHX	1	1	1	1
TSKU	PDLIM1	1	1	1	1
TSKU	PNKP	1	1	1	1
TSPAN3	ACAT2	1	1	1	1
TSPAN3	AKR7A2	1	1	1	1
TSPAN3	BCL7B	1	1	1	1
TSPAN3	BLMH	1	1	1	1
TSPAN3	BZW2	1	1	1	1
TSPAN3	CALU	1	1	1	1
TSPAN3	CSNK2A2	1	1	1	1
TSPAN3	DCTD	1	1	1	1
TSPAN3	DLD	1	1	1	1
TSPAN3	ELOVL6	1	1	1	1
TSPAN3	FBXO7	1	1	1	1
TSPAN3	IARS2	1	1	1	1
TSPAN3	KEAP1	1	1	1	1
TSPAN3	LAP3	1	1	1	1
TSPAN3	LRRC16A	1	1	1	1
TSPAN3	MAP2K5	1	1	1	1
TSPAN3	ME2	1	1	1	1
TSPAN3	MYC	1	1	1	1
TSPAN3	NCOA3	1	1	1	1
TSPAN3	NVL	1	1	1	1
TSPAN3	PACSIN3	1	1	1	1
TSPAN3	PDS5A	1	1	1	1
TSPAN3	PLS1	1	1	1	1
TSPAN3	PNP	1	1	1	1
TSPAN3	PPIE	1	1	1	1
TSPAN3	SMC3	1	1	1	1
TSPAN3	SPAG7	1	1	1	1
TSPAN3	ZMIZ1	1	1	1	1
TSPAN4	ABL1	1	1	1	1
TSPAN4	ANKRD10	1	1	1	1
TSPAN4	BLMH	1	1	1	1
TSPAN4	CALU	1	1	1	1
TSPAN4	CCDC85B	1	1	1	1
TSPAN4	EAPP	1	1	1	1
TSPAN4	FOXO4	1	1	1	1
TSPAN4	HDAC6	1	1	1	1
TSPAN4	KCNK1	1	1	1	1
TSPAN4	MOK	1	1	1	1
TSPAN4	NUP133	1	1	1	1
TSPAN4	PIN1	1	1	1	1
TSPAN4	PYGL	1	1	1	1
TSPAN4	RAB4A	1	1	1	1
TSPAN4	RPA2	1	1	1	1
TSPAN4	SLC35B1	1	1	1	1
TSPAN4	SLC35F2	1	1	1	1
TSPAN4	STMN1	1	1	1	1
TSPAN4	TOMM34	1	1	1	1
TSPAN4	TRAM2	1	1	1	1
TSPAN4	UBE2L6	1	1	1	1
TSPAN4	UBR7	1	1	1	1
TSPAN4	USP14	1	1	1	1
TSPAN4	WDTC1	1	1	1	1
TSPAN4	XPO7	1	1	1	1
TSPAN6	AMDHD2	1	1	1	1
TSPAN6	BLMH	1	1	1	1
TSPAN6	CTNND1	1	1	1	1
TSPAN6	DMTF1	1	1	1	1
TSPAN6	FHL2	1	1	1	1
TSPAN6	FKBP14	1	1	1	1
TSPAN6	FOXO4	1	1	1	1
TSPAN6	HMG20B	1	1	1	1
TSPAN6	IKBKE	1	1	1	1
TSPAN6	KAT6A	1	1	1	1
TSPAN6	KDM5A	1	1	1	1
TSPAN6	MOK	1	1	1	1
TSPAN6	NCOA3	1	1	1	1
TSPAN6	NISCH	1	1	1	1
TSPAN6	NOSIP	1	1	1	1
TSPAN6	SPDEF	1	1	1	1
TSPAN6	ZDHHC6	1	1	1	1
TSTA3	ACAA1	1	1	1	1
TSTA3	ARNT2	1	1	1	1
TSTA3	CAST	1	1	1	1
TSTA3	CCNA2	1	1	1	1
TSTA3	CD320	1	1	1	1
TSTA3	CETN3	1	1	1	1
TSTA3	CHEK2	1	1	1	1
TSTA3	CIRBP	1	1	1	1
TSTA3	DCTD	1	1	1	1
TSTA3	DDX42	1	1	1	1
TSTA3	FAIM	1	1	1	1
TSTA3	GDPD5	1	1	1	1
TSTA3	GRB10	1	1	1	1
TSTA3	OXSR1	1	1	1	1
TSTA3	PDS5A	1	1	1	1
TSTA3	SHB	1	1	1	1
TSTA3	SLC35A1	1	1	1	1
TSTA3	TSC22D3	1	1	1	1
TSTA3	ZMIZ1	1	1	1	1
TUBB6	ANXA7	1	1	1	1
TUBB6	ATP11B	1	1	1	1
TUBB6	BCL2	1	1	1	1
TUBB6	CHEK2	1	1	1	1
TUBB6	DCK	1	1	1	1
TUBB6	ELAVL1	1	1	1	1
TUBB6	EVL	1	1	1	1
TUBB6	FBXO7	1	1	1	1
TUBB6	GAPDH	1	1	1	1
TUBB6	HSPA4	1	1	1	1
TUBB6	IL13RA1	1	1	1	1
TUBB6	MAPKAPK3	1	1	1	1
TUBB6	NR2F6	1	1	1	1
TUBB6	PIP4K2B	1	1	1	1
TUBB6	RRS1	1	1	1	1
TUBB6	SPAG7	1	1	1	1
TUBB6	STXBP1	1	1	1	1
TUBB6	TFAP2A	1	1	1	1
TWF2	CAMSAP2	1	1	1	1
TWF2	CRTAP	1	1	1	1
TWF2	DCK	1	1	1	1
TWF2	GSTZ1	1	1	1	1
TWF2	HSPA4	1	1	1	1
TWF2	IKBKAP	1	1	1	1
TWF2	ITGB5	1	1	1	1
TWF2	JMJD6	1	1	1	1
TWF2	MTF2	1	1	1	1
TWF2	NUP88	1	1	1	1
TWF2	POLD4	1	1	1	1
TWF2	PPIE	1	1	1	1
TWF2	RAB11FIP2	1	1	1	1
TWF2	RELB	1	1	1	1
TWF2	TBC1D9B	1	1	1	1
TWF2	TFAP2A	1	1	1	1
TWF2	YKT6	1	1	1	1
TWF2	ZNF395	1	1	1	1
TXLNA	ADAT1	1	1	1	1
TXLNA	CD97	1	1	1	1
TXLNA	DDX42	1	1	1	1
TXLNA	DUSP14	1	1	1	1
TXLNA	FIS1	1	1	1	1
TXLNA	HOMER2	1	1	1	1
TXLNA	MAPKAPK3	1	1	1	1
TXLNA	MPZL1	1	1	1	1
TXLNA	NOL3	1	1	1	1
TXLNA	PSMD10	1	1	1	1
TXLNA	SYPL1	1	1	1	1
TXLNA	THAP11	1	1	1	1
TXNDC9	ADAM10	1	1	1	1
TXNDC9	BLVRA	1	1	1	1
TXNDC9	CAB39	1	1	1	1
TXNDC9	CENPE	1	1	1	1
TXNDC9	CNPY3	1	1	1	1
TXNDC9	ETFB	1	1	1	1
TXNDC9	HSPA4	1	1	1	1
TXNDC9	ICAM3	1	1	1	1
TXNDC9	MELK	1	1	1	1
TXNDC9	NARFL	1	1	1	1
TXNDC9	NNT	1	1	1	1
TXNDC9	NRAS	1	1	1	1
TXNDC9	SOX4	1	1	1	1
TXNDC9	WDTC1	1	1	1	1
TXNL4B	CCNF	1	1	1	1
TXNL4B	DHDDS	1	1	1	1
TXNL4B	DNAJB2	1	1	1	1
TXNL4B	EBP	1	1	1	1
TXNL4B	EDEM1	1	1	1	1
TXNL4B	FBXL12	1	1	1	1
TXNL4B	KCTD5	1	1	1	1
TXNL4B	NRAS	1	1	1	1
TXNL4B	PAFAH1B3	1	1	1	1
TXNL4B	PNP	1	1	1	1
TXNL4B	PSRC1	1	1	1	1
TXNL4B	RTN2	1	1	1	1
TXNL4B	RUVBL1	1	1	1	1
TXNL4B	SCP2	1	1	1	1
TXNL4B	TES	1	1	1	1
TXNL4B	TSTA3	1	1	1	1
TXNRD1	APBB2	1	1	1	1
TXNRD1	BPHL	1	1	1	1
TXNRD1	CRELD2	1	1	1	1
TXNRD1	DDR1	1	1	1	1
TXNRD1	FKBP4	1	1	1	1
TXNRD1	FPGS	1	1	1	1
TXNRD1	KCNK1	1	1	1	1
TXNRD1	MAPK9	1	1	1	1
TXNRD1	MYC	1	1	1	1
TXNRD1	NR3C1	1	1	1	1
TXNRD1	NUCB2	1	1	1	1
TXNRD1	PGM1	1	1	1	1
TXNRD1	PLS1	1	1	1	1
TXNRD1	SDHB	1	1	1	1
TXNRD1	SORBS3	1	1	1	1
TXNRD1	SPRED2	1	1	1	1
TXNRD1	UBE2C	1	1	1	1
TXNRD1	UBQLN2	1	1	1	1
TXNRD1	VPS28	1	1	1	1
UBE2A	ARPP19	1	1	1	1
UBE2A	FBXO7	1	1	1	1
UBE2A	GADD45B	1	1	1	1
UBE2A	HK1	1	1	1	1
UBE2A	LRRC41	1	1	1	1
UBE2A	NFE2L2	1	1	1	1
UBE2A	NOSIP	1	1	1	1
UBE2A	NUP85	1	1	1	1
UBE2A	PSRC1	1	1	1	1
UBE2A	STX4	1	1	1	1
UBE2A	TMEM2	1	1	1	1
UBE2A	TXNL4B	1	1	1	1
UBE2C	AKR7A2	1	1	1	1
UBE2C	CBR3	1	1	1	1
UBE2C	CDKN1A	1	1	1	1
UBE2C	CRKL	1	1	1	1
UBE2C	EPRS	1	1	1	1
UBE2C	FKBP4	1	1	1	1
UBE2C	GAA	1	1	1	1
UBE2C	HERPUD1	1	1	1	1
UBE2C	HES1	1	1	1	1
UBE2C	HK1	1	1	1	1
UBE2C	ILK	1	1	1	1
UBE2C	LGMN	1	1	1	1
UBE2C	NT5DC2	1	1	1	1
UBE2C	RAD51C	1	1	1	1
UBE2C	RPL39L	1	1	1	1
UBE2C	SMC4	1	1	1	1
UBE2C	TERF2IP	1	1	1	1
UBE2C	VAPB	1	1	1	1
UBE2C	ZFP36	1	1	1	1
UBE2J1	ARL4C	1	1	1	1
UBE2J1	CASK	1	1	1	1
UBE2J1	CISD1	1	1	1	1
UBE2J1	KIAA0100	1	1	1	1
UBE2J1	MVP	1	1	1	1
UBE2J1	PRUNE	1	1	1	1
UBE2J1	RGS2	1	1	1	1
UBE2J1	SLC27A3	1	1	1	1
UBE2J1	TLE1	1	1	1	1
UBE2J1	TOR1A	1	1	1	1
UBE2J1	TSKU	1	1	1	1
UBE2J1	WASF3	1	1	1	1
UBE2L6	ARL4C	1	1	1	1
UBE2L6	BUB1B	1	1	1	1
UBE2L6	CENPE	1	1	1	1
UBE2L6	DMTF1	1	1	1	1
UBE2L6	HADH	1	1	1	1
UBE2L6	HOMER2	1	1	1	1
UBE2L6	LIPA	1	1	1	1
UBE2L6	LRPAP1	1	1	1	1
UBE2L6	LRRC41	1	1	1	1
UBE2L6	MCOLN1	1	1	1	1
UBE2L6	MELK	1	1	1	1
UBE2L6	NIPSNAP1	1	1	1	1
UBE2L6	OXCT1	1	1	1	1
UBE2L6	PAF1	1	1	1	1
UBE2L6	PEX11A	1	1	1	1
UBE2L6	PSIP1	1	1	1	1
UBE2L6	RFC2	1	1	1	1
UBE2L6	RGS2	1	1	1	1
UBE2L6	STXBP1	1	1	1	1
UBE2L6	TLE1	1	1	1	1
UBE2L6	TMED10	1	1	1	1
UBE2L6	VAV3	1	1	1	1
UBE3B	ALAS1	1	1	1	1
UBE3B	BLCAP	1	1	1	1
UBE3B	CBR1	1	1	1	1
UBE3B	CEBPZ	1	1	1	1
UBE3B	CERK	1	1	1	1
UBE3B	CGRRF1	1	1	1	1
UBE3B	COG4	1	1	1	1
UBE3B	DDX42	1	1	1	1
UBE3B	GPC1	1	1	1	1
UBE3B	GTF2A2	1	1	1	1
UBE3B	GTPBP8	1	1	1	1
UBE3B	HADH	1	1	1	1
UBE3B	INTS3	1	1	1	1
UBE3B	KCNK1	1	1	1	1
UBE3B	LSM6	1	1	1	1
UBE3B	MELK	1	1	1	1
UBE3B	MSRA	1	1	1	1
UBE3B	NCAPD2	1	1	1	1
UBE3B	NCOA3	1	1	1	1
UBE3B	NOSIP	1	1	1	1
UBE3B	PIH1D1	1	1	1	1
UBE3B	SSBP2	1	1	1	1
UBE3B	TMCO1	1	1	1	1
UBE3B	TSC22D3	1	1	1	1
UBE3B	TXNDC9	1	1	1	1
UBE3B	TXNRD1	1	1	1	1
UBE3B	ZFP36	1	1	1	1
UBE3B	ZMYM2	1	1	1	1
UBE3C	AARS	1	1	1	1
UBE3C	CCNB2	1	1	1	1
UBE3C	GRB10	1	1	1	1
UBE3C	IPO13	1	1	1	1
UBE3C	ITGB5	1	1	1	1
UBE3C	PGRMC1	1	1	1	1
UBE3C	PPIC	1	1	1	1
UBE3C	PRUNE	1	1	1	1
UBE3C	PWP1	1	1	1	1
UBE3C	TSPAN6	1	1	1	1
UBE3C	TXLNA	1	1	1	1
UBE3C	ZNF274	1	1	1	1
UBQLN2	ARHGAP1	1	1	1	1
UBQLN2	CAB39	1	1	1	1
UBQLN2	CEBPD	1	1	1	1
UBQLN2	CEBPZ	1	1	1	1
UBQLN2	CETN3	1	1	1	1
UBQLN2	CHERP	1	1	1	1
UBQLN2	DDIT4	1	1	1	1
UBQLN2	HMGCR	1	1	1	1
UBQLN2	HSPA4	1	1	1	1
UBQLN2	ISOC1	1	1	1	1
UBQLN2	LRP10	1	1	1	1
UBQLN2	LRRC41	1	1	1	1
UBQLN2	TATDN2	1	1	1	1
UBQLN2	TP53BP1	1	1	1	1
UBQLN2	UBE2J1	1	1	1	1
UBR7	ADCK3	1	1	1	1
UBR7	ADH5	1	1	1	1
UBR7	CIAPIN1	1	1	1	1
UBR7	EAPP	1	1	1	1
UBR7	EML3	1	1	1	1
UBR7	KEAP1	1	1	1	1
UBR7	PCCB	1	1	1	1
UBR7	RPL39L	1	1	1	1
UBR7	TOPBP1	1	1	1	1
UFM1	ANO10	1	1	1	1
UFM1	DDB2	1	1	1	1
UFM1	DDX42	1	1	1	1
UFM1	DLD	1	1	1	1
UFM1	ENOSF1	1	1	1	1
UFM1	FKBP4	1	1	1	1
UFM1	GNAI2	1	1	1	1
UFM1	HDAC2	1	1	1	1
UFM1	MAP3K4	1	1	1	1
UFM1	MFSD10	1	1	1	1
UFM1	MICALL1	1	1	1	1
UFM1	MTHFD2	1	1	1	1
UFM1	RRAGA	1	1	1	1
UFM1	STAMBP	1	1	1	1
UFM1	TFAP2A	1	1	1	1
UFM1	TRIM13	1	1	1	1
UGDH	ANXA7	1	1	1	1
UGDH	ATP2C1	1	1	1	1
UGDH	CDK2	1	1	1	1
UGDH	COPB2	1	1	1	1
UGDH	DECR1	1	1	1	1
UGDH	DHDDS	1	1	1	1
UGDH	DUSP14	1	1	1	1
UGDH	FPGS	1	1	1	1
UGDH	GRB10	1	1	1	1
UGDH	LPAR2	1	1	1	1
UGDH	MTHFD2	1	1	1	1
UGDH	PAN2	1	1	1	1
UGDH	PAX8	1	1	1	1
UGDH	POLR1C	1	1	1	1
UGDH	RAB4A	1	1	1	1
UGDH	RUVBL1	1	1	1	1
UGDH	SMAD3	1	1	1	1
UGDH	STAP2	1	1	1	1
UGDH	USP22	1	1	1	1
UGDH	WFS1	1	1	1	1
USP1	BIRC5	1	1	1	1
USP1	CAMSAP2	1	1	1	1
USP1	DHX29	1	1	1	1
USP1	ECD	1	1	1	1
USP1	HSPA4	1	1	1	1
USP1	STUB1	1	1	1	1
USP1	XPO7	1	1	1	1
USP1	ZMIZ1	1	1	1	1
USP14	AGL	1	1	1	1
USP14	ARFIP2	1	1	1	1
USP14	ASCC3	1	1	1	1
USP14	CETN3	1	1	1	1
USP14	COG2	1	1	1	1
USP14	LSM6	1	1	1	1
USP14	MYBL2	1	1	1	1
USP14	PIGB	1	1	1	1
USP14	PPP2R3C	1	1	1	1
USP14	RFX5	1	1	1	1
USP14	SMC1A	1	1	1	1
USP14	SNX11	1	1	1	1
USP14	STMN1	1	1	1	1
USP14	TRAP1	1	1	1	1
USP14	TRIM2	1	1	1	1
USP14	TSC22D3	1	1	1	1
USP14	WDTC1	1	1	1	1
USP14	ZNF131	1	1	1	1
USP22	BNIP3	1	1	1	1
USP22	CENPE	1	1	1	1
USP22	CFLAR	1	1	1	1
USP22	CHN1	1	1	1	1
USP22	CXCR4	1	1	1	1
USP22	DDB2	1	1	1	1
USP22	DENND2D	1	1	1	1
USP22	DHX29	1	1	1	1
USP22	GNAI2	1	1	1	1
USP22	GTPBP8	1	1	1	1
USP22	HMGCS1	1	1	1	1
USP22	KDM5B	1	1	1	1
USP22	PAF1	1	1	1	1
USP22	PHGDH	1	1	1	1
USP22	PHKB	1	1	1	1
USP22	RBKS	1	1	1	1
USP22	SCARB1	1	1	1	1
USP22	STAT1	1	1	1	1
USP22	TMED10	1	1	1	1
USP22	TNIP1	1	1	1	1
USP6NL	ADH5	1	1	1	1
USP6NL	ATP11B	1	1	1	1
USP6NL	BUB1B	1	1	1	1
USP6NL	CNDP2	1	1	1	1
USP6NL	DNAJB6	1	1	1	1
USP6NL	EML3	1	1	1	1
USP6NL	GADD45A	1	1	1	1
USP6NL	IGF1R	1	1	1	1
USP6NL	NVL	1	1	1	1
USP6NL	PAF1	1	1	1	1
USP6NL	RFNG	1	1	1	1
USP6NL	SPEN	1	1	1	1
USP6NL	TIMM9	1	1	1	1
USP6NL	UBE2L6	1	1	1	1
USP7	ARHGEF2	1	1	1	1
USP7	ATP11B	1	1	1	1
USP7	CD44	1	1	1	1
USP7	CDC45	1	1	1	1
USP7	CENPE	1	1	1	1
USP7	COG7	1	1	1	1
USP7	CXCR4	1	1	1	1
USP7	GLRX	1	1	1	1
USP7	GNB5	1	1	1	1
USP7	HTATSF1	1	1	1	1
USP7	KCTD5	1	1	1	1
USP7	PCBD1	1	1	1	1
USP7	PGRMC1	1	1	1	1
USP7	PIGB	1	1	1	1
USP7	POLE2	1	1	1	1
USP7	RAB31	1	1	1	1
USP7	SPRED2	1	1	1	1
USP7	ZNF395	1	1	1	1
UTP14A	ACAT2	1	1	1	1
UTP14A	ACBD3	1	1	1	1
UTP14A	ARFIP2	1	1	1	1
UTP14A	ARNT2	1	1	1	1
UTP14A	BAG3	1	1	1	1
UTP14A	CCNB2	1	1	1	1
UTP14A	CDC45	1	1	1	1
UTP14A	CFLAR	1	1	1	1
UTP14A	DDX42	1	1	1	1
UTP14A	FBXL12	1	1	1	1
UTP14A	FKBP14	1	1	1	1
UTP14A	LYPLA1	1	1	1	1
UTP14A	MAN2B1	1	1	1	1
UTP14A	NCAPD2	1	1	1	1
UTP14A	NUDCD3	1	1	1	1
UTP14A	SCRN1	1	1	1	1
UTP14A	STMN1	1	1	1	1
UTP14A	WIPF2	1	1	1	1
UTP14A	ZNF318	1	1	1	1
VAPB	AMDHD2	1	1	1	1
VAPB	APPBP2	1	1	1	1
VAPB	ARHGAP1	1	1	1	1
VAPB	BZW2	1	1	1	1
VAPB	CCNF	1	1	1	1
VAPB	CD97	1	1	1	1
VAPB	CETN3	1	1	1	1
VAPB	GABPB1	1	1	1	1
VAPB	HOMER2	1	1	1	1
VAPB	IL13RA1	1	1	1	1
VAPB	LSR	1	1	1	1
VAPB	MBNL2	1	1	1	1
VAPB	NFE2L2	1	1	1	1
VAPB	NSDHL	1	1	1	1
VAPB	NUDCD3	1	1	1	1
VAPB	PECR	1	1	1	1
VAPB	PRR7	1	1	1	1
VAPB	RAI14	1	1	1	1
VAPB	SCYL3	1	1	1	1
VAPB	ST6GALNAC2	1	1	1	1
VAPB	TMEM2	1	1	1	1
VAPB	TRAP1	1	1	1	1
VAT1	BCL2	1	1	1	1
VAT1	BLMH	1	1	1	1
VAT1	CLPX	1	1	1	1
VAT1	CORO1A	1	1	1	1
VAT1	CPSF4	1	1	1	1
VAT1	DCTD	1	1	1	1
VAT1	FAH	1	1	1	1
VAT1	GATA2	1	1	1	1
VAT1	KDM5A	1	1	1	1
VAT1	MAPK1IP1L	1	1	1	1
VAT1	MAPKAPK5	1	1	1	1
VAT1	MYC	1	1	1	1
VAT1	RNF167	1	1	1	1
VAT1	RRAGA	1	1	1	1
VAT1	SNX11	1	1	1	1
VAT1	TOMM70A	1	1	1	1
VAT1	TPD52L2	1	1	1	1
VAT1	TRIM2	1	1	1	1
VAT1	UFM1	1	1	1	1
VAT1	USP22	1	1	1	1
VAT1	XPNPEP1	1	1	1	1
VAV3	ADH5	1	1	1	1
VAV3	CD58	1	1	1	1
VAV3	CDK1	1	1	1	1
VAV3	CPSF4	1	1	1	1
VAV3	DENND2D	1	1	1	1
VAV3	FBXL12	1	1	1	1
VAV3	FSD1	1	1	1	1
VAV3	HMG20B	1	1	1	1
VAV3	LAMA3	1	1	1	1
VAV3	MBNL2	1	1	1	1
VAV3	MCOLN1	1	1	1	1
VAV3	NOLC1	1	1	1	1
VAV3	PDHX	1	1	1	1
VAV3	RRP1B	1	1	1	1
VGLL4	ABCC5	1	1	1	1
VGLL4	ARNT2	1	1	1	1
VGLL4	BAMBI	1	1	1	1
VGLL4	BHLHE40	1	1	1	1
VGLL4	BIRC5	1	1	1	1
VGLL4	CDH3	1	1	1	1
VGLL4	CENPE	1	1	1	1
VGLL4	CLSTN1	1	1	1	1
VGLL4	DHX29	1	1	1	1
VGLL4	HEATR1	1	1	1	1
VGLL4	HMGCS1	1	1	1	1
VGLL4	INPP1	1	1	1	1
VGLL4	KAT6A	1	1	1	1
VGLL4	LRRC41	1	1	1	1
VGLL4	MACF1	1	1	1	1
VGLL4	PDS5A	1	1	1	1
VGLL4	PPP2R5A	1	1	1	1
VGLL4	SKIV2L	1	1	1	1
VGLL4	TJP1	1	1	1	1
VGLL4	TNIP1	1	1	1	1
VGLL4	TOP2A	1	1	1	1
VPS28	CAST	1	1	1	1
VPS28	KLHDC2	1	1	1	1
VPS28	MAMLD1	1	1	1	1
VPS28	RPA3	1	1	1	1
VPS28	SOX4	1	1	1	1
VPS28	WASF3	1	1	1	1
VPS72	ABHD6	1	1	1	1
VPS72	BDH1	1	1	1	1
VPS72	FEZ2	1	1	1	1
VPS72	GFPT1	1	1	1	1
VPS72	HMG20B	1	1	1	1
VPS72	ICMT	1	1	1	1
VPS72	IGF1R	1	1	1	1
VPS72	KIT	1	1	1	1
VPS72	MAPK1IP1L	1	1	1	1
VPS72	NIT1	1	1	1	1
VPS72	NRAS	1	1	1	1
VPS72	PDHX	1	1	1	1
VPS72	POLR2K	1	1	1	1
VPS72	PPP2R5A	1	1	1	1
VPS72	SLC25A46	1	1	1	1
VPS72	SQRDL	1	1	1	1
VPS72	TSTA3	1	1	1	1
VPS72	WIPF2	1	1	1	1
VPS72	ZNF451	1	1	1	1
WASF3	ABL1	1	1	1	1
WASF3	ARL4C	1	1	1	1
WASF3	AURKB	1	1	1	1
WASF3	CCP110	1	1	1	1
WASF3	CD44	1	1	1	1
WASF3	EAPP	1	1	1	1
WASF3	GNB5	1	1	1	1
WASF3	POLE2	1	1	1	1
WASF3	PUF60	1	1	1	1
WASF3	SACM1L	1	1	1	1
WASF3	SLC35B1	1	1	1	1
WASF3	SMC1A	1	1	1	1
WASF3	SPRED2	1	1	1	1
WASF3	TRAP1	1	1	1	1
WDR7	B3GNT1	1	1	1	1
WDR7	BLMH	1	1	1	1
WDR7	BNIP3	1	1	1	1
WDR7	CRELD2	1	1	1	1
WDR7	DECR1	1	1	1	1
WDR7	EML3	1	1	1	1
WDR7	FHL2	1	1	1	1
WDR7	HDAC6	1	1	1	1
WDR7	HIST2H2BE	1	1	1	1
WDR7	HS2ST1	1	1	1	1
WDR7	IKBKAP	1	1	1	1
WDR7	KCNK1	1	1	1	1
WDR7	KEAP1	1	1	1	1
WDR7	KLHDC2	1	1	1	1
WDR7	MAP4K4	1	1	1	1
WDR7	MBNL2	1	1	1	1
WDR7	MTHFD2	1	1	1	1
WDR7	NCAPD2	1	1	1	1
WDR7	TMEM97	1	1	1	1
WDR7	VAV3	1	1	1	1
WDTC1	ATP5S	1	1	1	1
WDTC1	C2CD2L	1	1	1	1
WDTC1	CENPE	1	1	1	1
WDTC1	CHAC1	1	1	1	1
WDTC1	DUSP14	1	1	1	1
WDTC1	GAA	1	1	1	1
WDTC1	HADH	1	1	1	1
WDTC1	HDAC6	1	1	1	1
WDTC1	HOMER2	1	1	1	1
WDTC1	IGHMBP2	1	1	1	1
WDTC1	IPO13	1	1	1	1
WDTC1	ITFG1	1	1	1	1
WDTC1	NENF	1	1	1	1
WDTC1	NOSIP	1	1	1	1
WDTC1	PPIE	1	1	1	1
WDTC1	ST3GAL5	1	1	1	1
WDTC1	TLE1	1	1	1	1
WDTC1	TSPAN4	1	1	1	1
WDTC1	TWF2	1	1	1	1
WDTC1	WDTC1	1	1	1	1
WDTC1	YME1L1	1	1	1	1
WFS1	ABL1	1	1	1	1
WFS1	BPHL	1	1	1	1
WFS1	CBR1	1	1	1	1
WFS1	GLRX	1	1	1	1
WFS1	GTPBP8	1	1	1	1
WFS1	KEAP1	1	1	1	1
WFS1	LSR	1	1	1	1
WFS1	MAST2	1	1	1	1
WFS1	NOL3	1	1	1	1
WFS1	SGCB	1	1	1	1
WFS1	STAMBP	1	1	1	1
WFS1	STX4	1	1	1	1
WFS1	TLE1	1	1	1	1
WFS1	TP53BP2	1	1	1	1
WFS1	TSTA3	1	1	1	1
WFS1	TXNRD1	1	1	1	1
WIPF2	ATP11B	1	1	1	1
WIPF2	CCP110	1	1	1	1
WIPF2	CHN1	1	1	1	1
WIPF2	DENND2D	1	1	1	1
WIPF2	DHDDS	1	1	1	1
WIPF2	ECD	1	1	1	1
WIPF2	ETFB	1	1	1	1
WIPF2	HMG20B	1	1	1	1
WIPF2	HOXA5	1	1	1	1
WIPF2	IER3	1	1	1	1
WIPF2	PAF1	1	1	1	1
WIPF2	PDIA5	1	1	1	1
WIPF2	POLG2	1	1	1	1
WIPF2	STAT1	1	1	1	1
WIPF2	TCFL5	1	1	1	1
WIPF2	THAP11	1	1	1	1
WIPF2	TOP2A	1	1	1	1
WIPF2	WDR7	1	1	1	1
WIPF2	ZNF274	1	1	1	1
WRB	ADI1	1	1	1	1
WRB	ENOPH1	1	1	1	1
WRB	ETFB	1	1	1	1
WRB	GAA	1	1	1	1
WRB	HERPUD1	1	1	1	1
WRB	HN1L	1	1	1	1
WRB	NUP93	1	1	1	1
WRB	POP4	1	1	1	1
WRB	SH3BP5	1	1	1	1
WRB	VPS28	1	1	1	1
WRB	VPS72	1	1	1	1
XPNPEP1	DNM1	1	1	1	1
XPNPEP1	FAM63A	1	1	1	1
XPNPEP1	FAM69A	1	1	1	1
XPNPEP1	GATA3	1	1	1	1
XPNPEP1	HERC6	1	1	1	1
XPNPEP1	JUN	1	1	1	1
XPNPEP1	P4HA2	1	1	1	1
XPNPEP1	PAFAH1B1	1	1	1	1
XPNPEP1	PLOD3	1	1	1	1
XPNPEP1	PYGL	1	1	1	1
XPNPEP1	RAE1	1	1	1	1
XPNPEP1	RSU1	1	1	1	1
XPNPEP1	SLC35F2	1	1	1	1
XPNPEP1	SNX11	1	1	1	1
XPNPEP1	SSBP2	1	1	1	1
XPO7	ABCF3	1	1	1	1
XPO7	ADAM10	1	1	1	1
XPO7	AGL	1	1	1	1
XPO7	ATP11B	1	1	1	1
XPO7	ATP5S	1	1	1	1
XPO7	CAT	1	1	1	1
XPO7	CCDC92	1	1	1	1
XPO7	COPB2	1	1	1	1
XPO7	CTSD	1	1	1	1
XPO7	IARS2	1	1	1	1
XPO7	IL13RA1	1	1	1	1
XPO7	KDELR2	1	1	1	1
XPO7	KLHL9	1	1	1	1
XPO7	LAGE3	1	1	1	1
XPO7	MCM3	1	1	1	1
XPO7	PLS1	1	1	1	1
XPO7	PYCR1	1	1	1	1
XPO7	RAD51C	1	1	1	1
XPO7	RPA1	1	1	1	1
XPO7	SMNDC1	1	1	1	1
XPO7	SNX7	1	1	1	1
XPO7	SPAG7	1	1	1	1
XPO7	SPTLC2	1	1	1	1
XPO7	ST3GAL5	1	1	1	1
XPO7	TATDN2	1	1	1	1
XPO7	TBC1D9B	1	1	1	1
XPO7	TRAPPC3	1	1	1	1
XPO7	VAV3	1	1	1	1
XPO7	WASF3	1	1	1	1
YKT6	BPHL	1	1	1	1
YKT6	MAPK13	1	1	1	1
YKT6	PCK2	1	1	1	1
YME1L1	ADCK3	1	1	1	1
YME1L1	CCNF	1	1	1	1
YME1L1	CLIC4	1	1	1	1
YME1L1	DERA	1	1	1	1
YME1L1	FOS	1	1	1	1
YME1L1	HERC6	1	1	1	1
YME1L1	LRRC41	1	1	1	1
YME1L1	MTF2	1	1	1	1
YME1L1	NOLC1	1	1	1	1
YME1L1	NT5DC2	1	1	1	1
YME1L1	PTPRK	1	1	1	1
YME1L1	RAP1GAP	1	1	1	1
YME1L1	SMARCA4	1	1	1	1
YME1L1	STK25	1	1	1	1
YTHDF1	ABL1	1	1	1	1
YTHDF1	ATP1B1	1	1	1	1
YTHDF1	DNAJB6	1	1	1	1
YTHDF1	FAM20B	1	1	1	1
YTHDF1	GNA11	1	1	1	1
YTHDF1	HEBP1	1	1	1	1
YTHDF1	HPRT1	1	1	1	1
YTHDF1	IL4R	1	1	1	1
YTHDF1	MAMLD1	1	1	1	1
YTHDF1	NR3C1	1	1	1	1
YTHDF1	NUDT9	1	1	1	1
YTHDF1	NUP133	1	1	1	1
YTHDF1	PDHX	1	1	1	1
YTHDF1	PHKB	1	1	1	1
YTHDF1	PHKG2	1	1	1	1
YTHDF1	PPIC	1	1	1	1
YTHDF1	PRPF4	1	1	1	1
YTHDF1	PTPRK	1	1	1	1
YTHDF1	S100A4	1	1	1	1
YTHDF1	SLC35A3	1	1	1	1
YTHDF1	ST7	1	1	1	1
YTHDF1	STAMBP	1	1	1	1
YTHDF1	TBPL1	1	1	1	1
YTHDF1	TRIB1	1	1	1	1
YTHDF1	UBR7	1	1	1	1
YTHDF1	USP6NL	1	1	1	1
YTHDF1	XPO7	1	1	1	1
YTHDF1	YME1L1	1	1	1	1
ZDHHC6	ATP11B	1	1	1	1
ZDHHC6	BHLHE40	1	1	1	1
ZDHHC6	CLIC4	1	1	1	1
ZDHHC6	HYOU1	1	1	1	1
ZDHHC6	IKBKB	1	1	1	1
ZDHHC6	KDELR2	1	1	1	1
ZDHHC6	KIAA0100	1	1	1	1
ZDHHC6	LRP10	1	1	1	1
ZDHHC6	LYPLA1	1	1	1	1
ZDHHC6	NISCH	1	1	1	1
ZDHHC6	TP53BP1	1	1	1	1
ZFP36	ADAM10	1	1	1	1
ZFP36	ATP11B	1	1	1	1
ZFP36	DLD	1	1	1	1
ZFP36	FDFT1	1	1	1	1
ZFP36	FUT1	1	1	1	1
ZFP36	GFOD1	1	1	1	1
ZFP36	HOMER2	1	1	1	1
ZFP36	IKBKE	1	1	1	1
ZFP36	NCAPD2	1	1	1	1
ZFP36	P4HA2	1	1	1	1
ZFP36	PAK4	1	1	1	1
ZFP36	PNP	1	1	1	1
ZFP36	PTK2	1	1	1	1
ZFP36	SLC35A1	1	1	1	1
ZFP36	STK10	1	1	1	1
ZFP36	TCEA2	1	1	1	1
ZFP36	TP53BP2	1	1	1	1
ZMIZ1	CIAPIN1	1	1	1	1
ZMIZ1	COPB2	1	1	1	1
ZMIZ1	FPGS	1	1	1	1
ZMIZ1	MAP4K4	1	1	1	1
ZMIZ1	MSRA	1	1	1	1
ZMIZ1	MTHFD2	1	1	1	1
ZMIZ1	PLA2G15	1	1	1	1
ZMIZ1	PTPRK	1	1	1	1
ZMIZ1	RAB27A	1	1	1	1
ZMIZ1	SLC35F2	1	1	1	1
ZMIZ1	TIMELESS	1	1	1	1
ZMIZ1	TRAP1	1	1	1	1
ZMIZ1	TSPAN4	1	1	1	1
ZMYM2	BCL2	1	1	1	1
ZMYM2	BPHL	1	1	1	1
ZMYM2	CDCA4	1	1	1	1
ZMYM2	CXCR4	1	1	1	1
ZMYM2	DENND2D	1	1	1	1
ZMYM2	GABPB1	1	1	1	1
ZMYM2	HOXA5	1	1	1	1
ZMYM2	LGMN	1	1	1	1
ZMYM2	MAPK1IP1L	1	1	1	1
ZMYM2	MBOAT7	1	1	1	1
ZMYM2	POLE2	1	1	1	1
ZMYM2	PRKCD	1	1	1	1
ZMYM2	RAB27A	1	1	1	1
ZMYM2	SLC37A4	1	1	1	1
ZMYM2	TOPBP1	1	1	1	1
ZMYM2	TWF2	1	1	1	1
ZMYM2	UBE2C	1	1	1	1
ZMYM2	USP7	1	1	1	1
ZNF131	BACE2	1	1	1	1
ZNF131	CAST	1	1	1	1
ZNF131	CCDC85B	1	1	1	1
ZNF131	CTNND1	1	1	1	1
ZNF131	DHDDS	1	1	1	1
ZNF131	ISOC1	1	1	1	1
ZNF131	LAMA3	1	1	1	1
ZNF131	METRN	1	1	1	1
ZNF131	NIT1	1	1	1	1
ZNF131	PAK4	1	1	1	1
ZNF131	PAN2	1	1	1	1
ZNF131	POLE2	1	1	1	1
ZNF131	PPIC	1	1	1	1
ZNF131	RNPS1	1	1	1	1
ZNF131	S100A4	1	1	1	1
ZNF131	SMARCA4	1	1	1	1
ZNF131	TBX2	1	1	1	1
ZNF131	USP6NL	1	1	1	1
ZNF274	ACAT2	1	1	1	1
ZNF274	BCL7B	1	1	1	1
ZNF274	CCP110	1	1	1	1
ZNF274	DHRS7	1	1	1	1
ZNF274	DNM1	1	1	1	1
ZNF274	FOXJ3	1	1	1	1
ZNF274	GLRX	1	1	1	1
ZNF274	IL13RA1	1	1	1	1
ZNF274	KIAA0355	1	1	1	1
ZNF274	KIAA1033	1	1	1	1
ZNF274	MAMLD1	1	1	1	1
ZNF274	MSRA	1	1	1	1
ZNF274	OXSR1	1	1	1	1
ZNF274	PIN1	1	1	1	1
ZNF274	SLC37A4	1	1	1	1
ZNF274	TARBP1	1	1	1	1
ZNF274	TIMP2	1	1	1	1
ZNF274	TMEM97	1	1	1	1
ZNF274	TNFRSF21	1	1	1	1
ZNF274	TP53BP2	1	1	1	1
ZNF274	TRAPPC6A	1	1	1	1
ZNF318	ACBD3	1	1	1	1
ZNF318	CD58	1	1	1	1
ZNF318	CD97	1	1	1	1
ZNF318	CEBPD	1	1	1	1
ZNF318	DHX29	1	1	1	1
ZNF318	EML3	1	1	1	1
ZNF318	EVL	1	1	1	1
ZNF318	FAM57A	1	1	1	1
ZNF318	HERC6	1	1	1	1
ZNF318	HOXA5	1	1	1	1
ZNF318	JUN	1	1	1	1
ZNF318	PRUNE	1	1	1	1
ZNF395	CAST	1	1	1	1
ZNF395	CEBPZ	1	1	1	1
ZNF395	ME2	1	1	1	1
ZNF395	TIMELESS	1	1	1	1
ZNF395	TIPARP	1	1	1	1
ZNF395	TRIB1	1	1	1	1
ZNF451	ARHGEF2	1	1	1	1
ZNF451	CCNB2	1	1	1	1
ZNF451	ERBB2	1	1	1	1
ZNF451	FKBP4	1	1	1	1
ZNF451	ISOC1	1	1	1	1
ZNF451	KTN1	1	1	1	1
ZNF451	PNKP	1	1	1	1
ZNF451	PRKCD	1	1	1	1
ZNF451	PTPRK	1	1	1	1
ZNF586	ADCK3	1	1	1	1
ZNF586	AGL	1	1	1	1
ZNF586	CASC3	1	1	1	1
ZNF586	CGRRF1	1	1	1	1
ZNF586	DECR1	1	1	1	1
ZNF586	DHDDS	1	1	1	1
ZNF586	DNAJB2	1	1	1	1
ZNF586	EBP	1	1	1	1
ZNF586	FAM69A	1	1	1	1
ZNF586	FOS	1	1	1	1
ZNF586	IGHMBP2	1	1	1	1
ZNF586	ISOC1	1	1	1	1
ZNF586	KCTD5	1	1	1	1
ZNF586	KDM5B	1	1	1	1
ZNF586	MAPKAPK5	1	1	1	1
ZNF586	MRPL19	1	1	1	1
ZNF586	PRPF4	1	1	1	1
ZNF586	PUF60	1	1	1	1
ZNF586	RAD51C	1	1	1	1
ZNF586	SLC25A13	1	1	1	1
ZNF586	SLC35F2	1	1	1	1
ZNF586	VGLL4	1	1	1	1
ZNF586	ZDHHC6	1	1	1	1
ZNF586	ZFP36	1	1	1	1
ZNF589	CGRRF1	1	1	1	1
ZNF589	CORO1A	1	1	1	1
ZNF589	CTNND1	1	1	1	1
ZNF589	GAPDH	1	1	1	1
ZNF589	HEBP1	1	1	1	1
ZNF589	HES1	1	1	1	1
ZNF589	HOMER2	1	1	1	1
ZNF589	LRRC41	1	1	1	1
ZNF589	MICALL1	1	1	1	1
ZNF589	NIT1	1	1	1	1
ZNF589	POLE2	1	1	1	1
ZNF589	POLG2	1	1	1	1
ZNF589	RAE1	1	1	1	1
ZNF589	RFNG	1	1	1	1
ZNF589	TOMM34	1	1	1	1
ZW10	ABHD4	1	1	1	1
ZW10	BIRC5	1	1	1	1
ZW10	CGRRF1	1	1	1	1
ZW10	CLTB	1	1	1	1
ZW10	CPSF4	1	1	1	1
ZW10	DDX42	1	1	1	1
ZW10	KIF20A	1	1	1	1
ZW10	LIPA	1	1	1	1
ZW10	METRN	1	1	1	1
ZW10	NMT1	1	1	1	1
ZW10	NOSIP	1	1	1	1
ZW10	PAPD7	1	1	1	1
ZW10	PDIA5	1	1	1	1
ZW10	PLA2G15	1	1	1	1
ZW10	PMAIP1	1	1	1	1
ZW10	POP4	1	1	1	1
ZW10	TBXA2R	1	1	1	1
ZW10	TXNDC9	1	1	1	1
ZW10	USP22	1	1	1	1
ZW10	ZNF451	1	1	1	1
